<?xml version="1.0" encoding="utf-8"?>
<Resource>
	<Version>1</Version>
	<SSkinSkeletonData>
		<Root>
			<Sub/>
			<Entity type="SSkinSkeletonData">
				<Bones count="53" ordered="true">
					<Element index="0">
						<Transform rawdata="12REv+w0JD82J6G7ljAkP+BkRD93cSo8sCQrPFEonjup+3+/ZUTgvgGAob/l9nw8">(-0.76716367159524179,0.64143254845416398,-0.00491800448399238,0.64136634392035241,0.7671642522159724,0.01040302879685608,0.01044575850516626,0.00482658321222504,-0.99993379292018481,-0.43802180025672921,-1.26171886106137054,0.01543972341297482)</Transform>
						<Name>biped_bone36</Name>
					</Element>
					<Element index="1">
						<Transform rawdata="iW4tv/NMPD/PvAy73Eo8PxxuLT9+W/47s8PqO4IfcTvg/X+/FnvovmNFm7/TN4o8">(-0.67746790654804068,0.73554912445302245,-0.00214748423757315,0.73551727916192644,0.67746140012859946,0.00776237135109941,0.00716444227525273,0.00367924614421514,-0.99996756642526019,-0.45406407654834036,-1.21305504298655698,0.0168723230172429)</Transform>
						<Name>biped_bone56</Name>
					</Element>
					<Element index="2">
						<Transform rawdata="BRKKvhmEdj/ds7w1KAJ0P4GqiD4YrxG+h0kMvuEjHb1dZX2/e4TGv9XSAr8Ew3M+">(-0.26966872827363747,0.96295315409904692,0.00000140594386262,0.95315790233108055,0.26692583984420476,-0.14226949513961326,-0.13699923435951589,-0.03836429373992907,-0.98982796017830454,-1.55091803980902054,-0.51102955229423819,0.23804861829234733)</Transform>
						<Name>biped_bone51</Name>
					</Element>
					<Element index="3">
						<Transform rawdata="AADANQAAgD8uRES2AACAvwAAwDUjM5OsAAAAAC5ERDYAAIA/4JDMPxdhILYBjii7">(0.00000143051147467,0.99999999999470024,-0.00000292459617411,-0.99999999999897693,0.00000143051147466,-0.00000000000418367,0,0.00000292459617411,0.99999999999572342,1.59817123412908679,-0.00000238983716094,-0.00257194064791044)</Transform>
						<Name>biped Head</Name>
					</Element>
					<Element index="4">
						<Transform rawdata="dHHKPBfof79AqTK8tbp1P+lmqTzkLY8+9QKPvvlbjrxAxXU/hULHv1LD3L3KbAa/">(0.02471230192856005,-0.99963518882662739,-0.01090461046732267,0.95988017856056496,0.02067895415140336,0.27964697930636423,-0.27931943172634671,-0.01737784002853575,0.96004102810488368,-1.55671756891838564,-0.10779442200097634,-0.5250974641388696)</Transform>
						<Name>biped_bone52</Name>
					</Element>
					<Element index="5">
						<Transform rawdata="3GY2P2eULj+7HSm+zzcvP50xOr/yd069rjMevkTynb2XJ3y/TCU1v3khkz9ckZI8">(0.71250699573320286,0.68195193532640508,-0.16515247178233955,0.68444530832932593,-0.72731954335209681,-0.05040735823341187,-0.15449401586216788,-0.07712223909267808,-0.98497906541210922,-0.7076003481994354,1.14945898614994535,0.01789157913845309)</Transform>
						<Name>biped R Forearm</Name>
					</Element>
					<Element index="6">
						<Transform rawdata="FmlEP9kvJL+uB6G7diskPxlpRD+Cmyu8sdUrPMAOoDud+38/izXgvhyBob89enu8">(0.76722846497803243,-0.64135507538324343,-0.00491424537504534,0.64128814524974354,0.76722865447395772,-0.01047408784688407,0.01048795926745995,0.00488457103894497,0.99993306959824535,-0.43790851528005525,-1.26175263098971113,-0.01534896838419466)</Transform>
						<Name>biped_bone37</Name>
					</Element>
					<Element index="7">
						<Transform rawdata="vguzvFjwf7+fmFq5oWV/P0GOsrzYNIW9USqFPbaW1bo6dX8/bgySv3jcW71Aiks9">(-0.02185618411909362,-0.99976110337076984,-0.00020846956333016,0.9976445012096592,-0.0217963470604031,-0.06504219483770228,0.06502211647726409,-0.00162955260227978,0.99788249279719088,-1.14100434496667202,-0.05367705282857334,0.04969239390025634)</Transform>
						<Name>biped R Thigh</Name>
					</Element>
					<Element index="8">
						<Transform rawdata="jEoGP643Lj6VjVW/NOVOP6WTVT6N/gw/0g6JPmqNdr9/Gua8JXVLvyJUdr5cUSq/">(0.52457497169448508,0.17013427743454418,-0.83419162168028516,0.80818485839333953,0.20857102431921826,0.55075910860462729,0.26769118803966963,-0.96309530923245479,-0.02808880606352313,-0.79475621986838496,-0.24055531862237578,-0.66530393337345961)</Transform>
						<Name>biped_bone33</Name>
					</Element>
					<Element index="9">
						<Transform rawdata="FyK6NQAAgD/q3aU1AACAvxciujWlMvErAAAAAOrdpbUAAIA/7veRP6RNz7Wj1ci8">(0.00000138680013612,0.99999999999827482,0.00000123580434774,-0.99999999999903844,0.00000138680013612,0.00000000000171381,0,-0.00000123580434774,0.9999999999992365,1.14037871360670096,-0.0000015445297887,-0.02451593242778405)</Transform>
						<Name>biped Pelvis</Name>
					</Element>
					<Element index="10">
						<Transform rawdata="gZHZvnGoZj+JsrI9uI0aP8dPVz7F2kQ/rassP/ZFwj6iICK/W/sEvYdjlb5oUZe/">(-0.42493822682047594,0.90100770233954208,0.08725459141744941,0.60372497628297095,0.21026526888379604,0.76896314311543046,0.67449458199709977,0.37943999513824778,-0.63331041550575795,-0.03246627506473526,-0.29177495580698753,-1.18217182224363659)</Transform>
						<Name>biped_toufa07</Name>
					</Element>
					<Element index="11">
						<Transform rawdata="vwXWvnWoZj+Phe09lJgnP1ZQVz5e4Dk/sDshP7NFwj6bgS2/ry6wPftjlb7Ma5i/">(-0.41801258001402514,0.90100797583036429,0.11597739633469506,0.65467189805636694,0.21026739019450891,0.72607984439220075,0.62981701595776129,0.37943801310076736,-0.67775885437837435,0.08602654485968741,-0.29177841827455331,-1.19078969260850842)</Transform>
						<Name>biped_toufa08</Name>
					</Element>
					<Element index="12">
						<Transform rawdata="t6TZvmqoZj80PbE9uTgaP9FOVz51HUU/lPEsP1xGwj7x1SG/+qPNvslilb4xU5e/">(-0.42508478749808687,0.90100726910668782,0.08654251838066047,0.60242801186901018,0.21026159284566917,0.76998070502891858,0.67556120160668676,0.37944306091346591,-0.63217075855892479,-0.4016416529555652,-0.29176928133389379,-1.18222634959654216)</Transform>
						<Name>biped_toufa06</Name>
					</Element>
					<Element index="13">
						<Transform rawdata="EQyzPFjwf79URlo5oWV/P5+OsjzXNIW9USqFPcmM1To6dX8/bgySvz7cWz0+iks9">(0.02185634050622037,-0.99976110001579277,0.00020816300013243,0.9976444977835508,0.02179652306031344,-0.06504218840906036,0.06502211647726409,0.00162925679175112,0.99788249328020873,-1.14100435443631065,0.05367683672454684,0.04969238649224278)</Transform>
						<Name>biped L Thigh</Name>
					</Element>
					<Element index="14">
						<Transform rawdata="22Y2v2eULj/OHSk+zjcvP54xOj/vd069vDMevmDynT2WJ3y/SyU1v3ohk79VkZI8">(-0.71250697276911445,0.68195192974460228,0.1651527617458749,0.68444528626966517,0.72731960832685194,-0.05040734576910178,-0.15449421949907635,0.07712244854896858,-0.98497901743145,-0.70760031311583593,-1.14945907626027477,0.01789156489940462)</Transform>
						<Name>biped L Forearm</Name>
					</Element>
					<Element index="15">
						<Transform rawdata="jkoGv503Lr6SjVW/LuVOP8qTVT6O/gy/3A6JPmiNdr9LGeY8H3VLv0pUdr5iUSo/">(-0.52457509121769019,-0.17013402535723338,-0.8341914570946507,0.80818452862869816,0.20857157896791459,-0.55075917071987113,0.26769150408476006,-0.96309517175748294,0.02808823202452716,-0.79475590024033704,-0.24055591014902494,0.66530432231500491)</Transform>
						<Name>biped_bone32</Name>
					</Element>
					<Element index="16">
						<Transform rawdata="A2gtPzlRPL8dVti72Es8P7xpLT9J7zm8fgxSPFWKOTta+n8/95rovmdDm7+CFHu8">(0.67736835165536025,-0.73561438875660135,-0.00660206255287685,0.73553229331570946,0.67739460863418122,-0.01134855422850147,0.01282036136125465,0.00283112126130023,0.99991380782894013,-0.45430727921306863,-1.21299446957960688,-0.01532471399147607)</Transform>
						<Name>biped_bone55</Name>
					</Element>
					<Element index="17">
						<Transform rawdata="xsnMPh37ab+zkou98z8VPztInz7bI0C/kwo1PzJchT5hRCg/R5/DvhHi6b6rqo4/">(0.39997690082116888,-0.91398793945013612,-0.06815089855712111,0.58300702548402816,0.31109794549802167,-0.75054712324754769,0.70719262316221787,0.26046902857461646,0.6572933819992316,-0.38207455916782063,-0.45680287844657474,1.11458338573699955)</Transform>
						<Name>biped_toufa02</Name>
					</Element>
					<Element index="18">
						<Transform rawdata="xQfvPnxgYr9etRc8GFUSP3hnlj6eIUS/Vr0sPxDXuT4SgiQ/nWnmOw0RvL4b15I/">(0.46685614188637498,-0.8842847217246721,0.00925955013547134,0.57161092879445996,0.29375816492560064,-0.76613794702046922,0.6747640530469341,0.36296891470940978,0.64260972953614248,0.00703163293633008,-0.36731758686786742,1.1471895281801725)</Transform>
						<Name>biped_toufa03</Name>
					</Element>
					<Element index="19">
						<Transform rawdata="YdvtPig6Yr97qWk965QcP8QYjD6uBz6/+e4jP1htwj7K6So/VjgRPsGZrL6PMJU/">(0.46456434079881886,-0.88369989045811081,0.05704639395496607,0.61164729150896846,0.27362645042113831,-0.74230465730397888,0.64036518022758071,0.37974047824233159,0.66762985545199938,0.14181646479786525,-0.33711053505670202,1.16554444354361575)</Transform>
						<Name>biped_toufa04</Name>
					</Element>
					<Element index="20">
						<Transform rawdata="S2NkMwAAgD/+nUO2l5lvv4sZg7UxT7S+MU+0vpVXODaXmW8/T8a4P+2rwzVjdw8/">(0.00000005317569404,0.9999999999957504,-0.00000291492280692,-0.93593735824439539,-0.00000097676949433,-0.35216669440883919,-0.35216669441018977,0.00000274691153233,0.93593735824036584,1.44355193154857564,0.00000145786694208,0.56041547334927155)</Transform>
						<Name>biped Neck</Name>
					</Element>
					<Element index="21">
						<Transform rawdata="Bn1+vzU73j1U6RY0JpDYPV3/dz8qzGW+e3zHvMtwZL54eHm/1kvmvTJ+ub/NUqU+">(-0.99409520845919808,0.10851136584913074,0.00000014054722414,0.10574369155904774,0.96874025887963089,-0.22441163633218986,-0.02435134932459864,-0.22308651753833569,-0.97449444199476554,-0.11244933525436922,-1.44916367513926025,0.32289734550814991)</Transform>
						<Name>biped L Clavicle</Name>
					</Element>
					<Element index="22">
						<Transform rawdata="WAgRswAAgD95AkS2KYR5vwSBJjW5AGU+uQBlPlWNPzYphHk/jD6kP+kniLXo4Lu+">(-0.00000003376803176,0.99999999999573408,-0.00000292077146751,-0.97467283445647157,0.00000062027559309,0.22363556464078585,0.2236355646416435,0.00000285434833789,0.97467283445229269,1.28315878375969805,-0.00000101444053311,-0.36695027476043041)</Transform>
						<Name>biped Spine1</Name>
					</Element>
					<Element index="23">
						<Transform rawdata="g0Y6v2WULj/SqZc9iXIvP54xOj/QcBQ9rcXuvF7ynT3iIH+/UDtwv3ohk7/jQZK9">(-0.72763843717795385,0.68195184382157703,0.07405437573735958,0.68534143072616205,0.72731960842597043,0.03624039901908754,-0.02914699436892589,0.07712243452747353,-0.99659549613325438,-0.93840504625838783,-1.14945906794082275,-0.07141473054546546)</Transform>
						<Name>biped L UpperArm</Name>
					</Element>
					<Element index="24">
						<Transform rawdata="CDGRvuNGcD90T0k+jAhrPzB9Uz7/M60+18aNPiSHjT5ml2u/ieqwv2a8uL57Qxe/">(-0.28357719438784929,0.93858164397832644,0.19659214737638525,0.91809919425487863,0.20653223491784356,0.33828731198255663,0.27690764585265409,0.27642165893211607,-0.92027888280757497,-1.38215746148945162,-0.360812379399919,-0.59087342485434668)</Transform>
						<Name>biped_bone01</Name>
					</Element>
					<Element index="25">
						<Transform rawdata="VCHUvtRIZj/Utw0+XkdQP8iGmD6sp/8+b93QPoGSoz4+9Fq/kxM7vwvN476JTT6/">(-0.41431678092860025,0.8995487748213653,0.13839655616503979,0.8135889916151775,0.29790330945297527,0.49932611682102496,0.40793940452420291,0.31947710392819317,-0.85528932081611619,-0.73076740383711591,-0.44492373092215121,-0.74337059501123004)</Transform>
						<Name>biped_bone03</Name>
					</Element>
					<Element index="26">
						<Transform rawdata="odjavs05Zj87F709oPdAP6ilmD4Z6hU/U4z/PkvKoz6YKU6/EVwTvpm/477SjUO/">(-0.42743398545444689,0.89931944038358924,0.09232946547133063,0.75377843658861199,0.29813885698805231,0.58560328613038803,0.49911747776706394,0.3199027447553488,-0.80532218562543811,-0.14390589850618168,-0.44482114490636881,-0.76388275859676358)</Transform>
						<Name>biped_bone05</Name>
					</Element>
					<Element index="27">
						<Transform rawdata="KQzlvhrkZD/M8aw8iPQkPzqYnD41bjM/4MYePx6Bpz6qgza/g9DaPuI54b7gTDS/">(-0.44735839863212334,0.89410557108382038,0.02111139085698284,0.64435626600485651,0.3058488961711987,0.70090037669079663,0.62022210991997084,0.3271569660999662,-0.7129465146224131,0.4273720636981706,-0.43989473128945167,-0.70429800162078326)</Transform>
						<Name>biped_bone07</Name>
					</Element>
					<Element index="28">
						<Transform rawdata="BDGRPuVGcL9dT0k+iQhrPyB9Uz4XNK2+88aNPh6HjT5il2s/WOqwv5++uL7KQxc/">(0.28357708164768486,-0.93858174886567791,0.19659180924043523,0.91809897678050389,0.2065320046535738,-0.33828804278065749,0.27690848235251675,0.27642147483511759,0.92027868640494148,-1.38215161586409274,-0.3608293099315692,0.59087810608481139)</Transform>
						<Name>biped_bone02</Name>
					</Element>
					<Element index="29">
						<Transform rawdata="B31+Pyw73j1ZBiY0J5DYPV3/d78qzGW+2nvHvM1wZD54eHm/10vmvTJ+uT/NUqU+">(0.99409527476300485,0.10851130125239633,0.00000015462264086,0.10574370083255777,-0.9687402592175568,-0.224411633473627,-0.02435105002665759,0.22308654749135498,-0.97449444265304797,-0.11244934297933828,1.4491636761621689,0.32289734105297729)</Transform>
						<Name>biped R Clavicle</Name>
					</Element>
					<Element index="30">
						<Transform rawdata="g0Y6P2aULj+pqZe9iXIvP54xOr/OcBQ9OMXuvEHynb3jIH+/UDtwv3ohkz/iQZK9">(0.72763844183939164,0.68195187224650811,-0.07405407258918363,0.68534143511663437,-0.72731960468330015,0.03624039326386106,-0.02914677476351365,-0.07712221847697948,-0.99659557867689597,-0.93840505102271032,1.14945906510925533,-0.0714147221517019)</Transform>
						<Name>biped R UpperArm</Name>
					</Element>
					<Element index="31">
						<Transform rawdata="TyHUPthIZr+Itw0+WEdQP86GmD68p/++i93QPmSSoz489Fo/BRM7vznP4768TT4/">(0.41431663660072882,-0.89954901414624244,0.13839543267168353,0.81358864318471247,0.29790349224735541,-0.49932657548711373,0.40794024601247436,0.31947625961149712,0.85528923483692287,-0.73075894011553744,-0.44494036458851755,0.74337364847390663)</Transform>
						<Name>biped_bone04</Name>
					</Element>
					<Element index="32">
						<Transform rawdata="l9jaPtE5Zr+pFr09mfdAP62lmD4g6hW/cIz/Pi/Koz6VKU4/11kTvtTB4775jUM/">(0.42743369755343708,-0.89931968909975268,0.0923283757082001,0.75377803720658909,0.29813900814154165,-0.58560372325324317,0.49911832747433615,0.31990190468626722,0.80532199270384242,-0.14389740037673135,-0.44483817301214751,0.76388505181098554)</Transform>
						<Name>biped_bone06</Name>
					</Element>
					<Element index="33">
						<Transform rawdata="HAzlPh7kZL+U7qw8dfQkP0GYnD5GbjO/+8YePwKBpz6agzY/zNHaPh484b7qTDQ/">(0.44735802562624732,-0.89410580729996536,0.0211098557853115,0.64435509468816254,0.30584910128011128,-0.70090139931683504,0.62022369195838922,0.32715612878047257,0.71294555472763077,0.42738185931634409,-0.43991177893233213,0.70429858604632023)</Transform>
						<Name>biped_bone08</Name>
					</Element>
					<Element index="34">
						<Transform rawdata="nhTNvmmoZj9dkyo+0jU9P9VOVz7O0iM/wKMKP19Gwj49CkC/+wV0v8pilb4Qooq/">(-0.40054790968278692,0.90100721867704658,0.16657776503340913,0.73910247453715516,0.2102616551719573,0.63993535439914928,0.5415611021342065,0.37944314612425262,-0.75015621837586155,-0.95321623034136826,-0.29176933647593578,-1.08307069606557649)</Transform>
						<Name>biped_toufa05</Name>
					</Element>
					<Element index="35">
						<Transform rawdata="CQGoPthqcb/nwGA9WhtOPynIfj4b1gm/svr8Pu8mYj5TRFc/qiSGv3pXzb5WLXI/">(0.32813290443799698,-0.94303654219663691,0.05487146639870259,0.80510485494437023,0.24881042983278964,-0.53842326442017352,0.49410016147547303,0.22085164723912043,0.84088628774942065,-1.0479939379776444,-0.40105800464856223,0.94600426522585956)</Transform>
						<Name>biped_toufa01</Name>
					</Element>
					<Element index="36">
						<Transform rawdata="7T0NtAAAgD/+3yo1UK1eP7pYVrQdmPw+HZj8PokNJjVQrV6/YOGrv/P1xTTfKGG/">(-0.00000013154176391,0.99999999999978884,0.00000063655884907,0.86983201349687278,-0.00000019962581009,0.49334801945070833,0.49334801945073109,0.0000006185951341,-0.86983201349666261,-1.34281537358292025,0.0000003687306168,-0.87952988804177734)</Transform>
						<Name>biped_toufa00</Name>
					</Element>
					<Element index="37">
						<Transform rawdata="Y/QCv8oaVz+8CTi+p5EtPmiCmz7nA3A/2qVXP0/15T5seJi+qxZUvsIZHr/+l8i/">(-0.51154154861973267,0.84025252269290029,-0.17972462865156352,0.16950093316725848,0.30372930526938513,0.93755956758811065,0.84237442844091259,0.44913718085769017,-0.29779374587128643,-0.20711771881350527,-0.61758055928889855,-1.56713847638195691)</Transform>
						<Name>biped_bone47</Name>
					</Element>
					<Element index="38">
						<Transform rawdata="0SIcPy5AOb+/Z6U+C9dJP/xTAz+6xq2+TpejPSJm7D4LKGI/DUmmv6Fkfb+Y6xg/">(0.60990626588110142,-0.72363556318895617,0.32305714436794841,0.78843755781591984,0.51300023927629101,-0.3394067941684964,0.07987843428760523,0.46171671638643352,0.88342351652256257,-1.29910429556501117,-0.9898167299383791,0.59734486208836435)</Transform>
						<Name>biped_bone48</Name>
					</Element>
					<Element index="39">
						<Transform rawdata="K707M1yIEDUBAIA//P9/v9T80ygwvTszAAAAAAEAgL9diBA1kPu5P4fcpbzdgAs/">(0.00000004371137793,0.00000053842610045,1.00000017881382064,-0.99999976158147708,0.00000000000002354,0.00000004371139616,0,-1.00000011920915899,0.00000053842613254,1.45298961327508391,-0.02024675677349025,0.54493503285307876)</Transform>
						<Name>biped_bone40</Name>
					</Element>
					<Element index="40">
						<Transform rawdata="mF+7MgAAgD/3KES2jVB9v/gc17TR7RO+0e0TvlhQQjaNUH0/YQuYP60auDSkv/o9">(0.00000002181313676,0.99999999999572775,-0.00000292301213228,-0.9895103667218107,-0.00000040067949663,-0.14446187784293543,-0.14446187784348943,0.00000289550197365,0.98951036671757453,1.18784723544357007,0.00000034292080472,0.12243583918942638)</Transform>
						<Name>biped Spine</Name>
					</Element>
					<Element index="41">
						<Transform rawdata="xCOyPFjwf7+9qxC7of57P5+OsjyDCzO+Lg0zPoKL1TpHDnw/+xYYvz7cWz3xoO09">(0.02174556913956284,-0.99976110007050767,-0.00220750197637306,0.98435409924459316,0.02179652339836992,-0.17484860415886816,0.17485495913031046,0.00162921869405035,0.98459285623993831,-0.5941006833706487,0.05367683506008209,0.11602962408708296)</Transform>
						<Name>biped L Calf</Name>
					</Element>
					<Element index="42">
						<Transform rawdata="Lr07MwAAgL9pISK0AACAPy69OzNvzO0nAACAjWkhIrQAAIA/A/JJvsr4bD1QW6k9">(0.00000004371138835,-0.99999999999998779,-0.00000015099580253,0.99999999999999911,0.00000004371138835,0.0000000000000066,-0,-0.00000015099580253,0.99999999999998868,-0.19721226647066403,0.05785445248402839,0.08269369730723353)</Transform>
						<Name>biped L Foot</Name>
					</Element>
					<Element index="43">
						<Transform rawdata="EH0dv4O3jz5ymTy/7TxDP8oIzLwddiW/R5FMvgigdb9ahUu+Qb0Iv7nkjL1HxYs/">(-0.61518952265010185,0.28069697199952254,-0.7367163920713653,0.76264842648348785,-0.02490653468435059,-0.64633353770663771,-0.19977294312243532,-0.95947310333421032,-0.1987508885237311,-0.53413777906490822,-0.0687956323883069,1.0919579329745801)</Transform>
						<Name>biped L Hand</Name>
					</Element>
					<Element index="44">
						<Transform rawdata="ifj1vtsHPz+q8uu+WhtDP5Xwwj0H8CO/xTTevnarKL8/TB2/YeQLv6r12b4unHg/">(-0.48041179224912861,0.74621359647617835,-0.46083575221154177,0.76213610530267328,0.09518543557785099,-0.64038125300636906,-0.43399634611770199,-0.65886627085426486,-0.61444467633922495,-0.54645354552308512,-0.42570240668112208,0.97113308685457711)</Transform>
						<Name>biped L Finger0</Name>
					</Element>
					<Element index="45">
						<Transform rawdata="o6TGvjC/W758dmW/WrBpP04UZb4O4a6+oUYCvoljc791vJA+3GY7v67X2D7AeVc/">(-0.38797483551830153,-0.2145965064498381,-0.89633919428980402,0.9128471673333749,-0.22371027467073973,-0.34156077654440165,-0.12722254554905246,-0.95073751057151967,0.28268782060002262,-0.73203825728008542,0.42352050119137097,0.84170151065207943)</Transform>
						<Name>biped L Finger1</Name>
					</Element>
					<Element index="46">
						<Transform rawdata="cF3qvqQqk74BYle/4hpiP37Pgr6YV8m+sLvQvQZQbL/Q270+/j8rvy+B7D6Wlls/">(-0.45774411132895448,-0.28743468938307604,-0.84133919593217865,0.88322268154150618,-0.25548928385928327,-0.39324640815868372,-0.10192048339642142,-0.9230960333322793,0.37081766283146322,-0.66894520717662675,0.46192309866082054,0.85776653150305582)</Transform>
						<Name>biped L Finger2</Name>
					</Element>
					<Element index="47">
						<Transform rawdata="hCOyvFjwf78nphA7of57P0GOsryECzO+Lg0zPs+V1bpHDnw/+xYYv3ncW73xoO09">(-0.02174544998842628,-0.99976110339708246,0.00220716909615131,0.98435410187677819,-0.02179634786621776,-0.17484861122196921,0.17485495913031046,-0.00162952568041361,0.98459285573191591,-0.59410067584394188,-0.05367705626311207,0.11602962651798425)</Transform>
						<Name>biped R Calf</Name>
					</Element>
					<Element index="48">
						<Transform rawdata="Lr07MwAAgL9pISK0AACAPy69OzNvzO0nAACAjWkhIrQAAIA/A/JJvgD5bL1RW6k9">(0.00000004371138835,-0.99999999999998779,-0.00000015099580253,0.99999999999999911,0.00000004371138835,0.0000000000000066,-0,-0.00000015099580253,0.99999999999998868,-0.19721226141285847,-0.05785465115986776,0.08269370218738636)</Transform>
						<Name>biped R Foot</Name>
					</Element>
					<Element index="49">
						<Transform rawdata="EX0dP3q3jz5zmTw/7TxDP8cIzDwediW/O5FMvgmgdT9LhUu+QL0Iv7rkjD1HxYs/">(0.61518961836840691,0.28069667874754733,0.73671642387466862,0.76264839736180456,0.02490652850730038,-0.64633357230712318,-0.19977275953744386,0.95947318928632674,-0.19875065811723222,-0.53413773720483115,0.06879563320540963,1.09195794735203999)</Transform>
						<Name>biped R Hand</Name>
					</Element>
					<Element index="50">
						<Transform rawdata="cV3qPq0qk77/YVc/4hpiP3/Pgj6ZV8m+nbvQvQZQbD/Y270+/j8rvzGB7L6Xlls/">(0.45774416471346963,-0.28743497851778588,0.84133907981380029,0.88322266953970396,0.25548931615130405,-0.39324643392207609,-0.101920347641628,0.92309606350423734,0.37081789896785999,-0.66894518788899782,-0.46192313742365321,0.85776654747837633)</Transform>
						<Name>biped R Finger2</Name>
					</Element>
					<Element index="51">
						<Transform rawdata="jfj1PtgHPz+w8us+WhtDP5Lwwr0H8CO/wTTevnmrKD89TB2/YeQLv6v12T4unHg/">(0.48041190906053766,0.74621341022852439,0.46083593202166351,0.76213610149863664,-0.09518541741891381,-0.64038126023278397,-0.43399622349362965,0.6588664844165063,-0.61444453394948173,-0.54645353166558797,0.42570242414722864,0.97113310510933692)</Transform>
						<Name>biped R Finger0</Name>
					</Element>
					<Element index="52">
						<Transform rawdata="paTGPkG/W756dmU/WrBpP04UZT4O4a6+mEYCvohjcz99vJA+3GY7v63X2L6/eVc/">(0.38797489207766972,-0.21459676134115455,0.89633905535774216,0.91284716016830147,0.22371026428151689,-0.34156078213957308,-0.12722242447771473,0.95073745548308164,0.28268804351191301,-0.73203824752567592,-0.42352047357264022,0.84170146892255437)</Transform>
						<Name>biped R Finger1</Name>
					</Element>
				</Bones>
			</Entity>
		</Root>
	</SSkinSkeletonData>
</Resource>
