<Root>
	<matrixlayout>column major</matrixlayout>
	<system />
	<node>
		<identifier>Scene Root</identifier>
		<transform>
			<row0>1.0 0.0 0.0</row0>
			<row1>0.0 1.0 0.0</row1>
			<row2>0.0 0.0 1.0</row2>
			<row3>0.0 0.0 0.0</row3>
		</transform>
		<node>
			<identifier>root</identifier>
			<transform>
				<row0>1.6292068456008894e-07 0.0 -0.9999999999999867</row0>
				<row1>0.9999999999999866 1.1924880699735394e-08 1.6292068456008891e-07</row1>
				<row2>1.1924880699735235e-08 -0.9999999999999999 1.9428097268982827e-15</row2>
				<row3>0.0 0.0 0.0</row3>
			</transform>
			<node>
				<identifier>biped_bone46Nub
</identifier>
				<transform>
					<row0>0.9999999999999843 2.3849763053362582e-08 1.7484555314694904e-07</row0>
					<row1>-2.3849758883337925e-08 0.9999999999999993 -2.3849763053362582e-08</row1>
					<row2>-1.7484555371576012e-07 2.3849758883337925e-08 0.9999999999999843</row2>
					<row3>-0.25203484296798706 -1.4022275784952853e-08 -1.1019408496792948e-08</row3>
				</transform>
			</node>
			<node>
				<identifier>biped</identifier>
				<transform>
					<row0>-0.9999999999999942 -1.0728441436381319e-07 -1.454732288338925e-15</row0>
					<row1>1.7537845924801734e-16 1.19248805772708e-08 -0.9999999999999999</row1>
					<row2>1.0728441436381319e-07 -0.9999999999999941 -1.1924880577270714e-08</row2>
					<row3>-0.02451593242585659 1.250091408167009e-08 -1.140378713607788</row3>
				</transform>
				<node>
					<identifier>biped Pelvis</identifier>
					<transform>
						<row0>1.3868000224345786e-06 -0.9999999999990384 -0.0</row0>
						<row1>1.3868001361200829e-06 1.923214459885457e-12 0.9999999999990384</row1>
						<row2>-0.9999999999980769 -1.3868000224332452e-06 1.3868001361214163e-06</row2>
						<row3>0.0 0.0 0.0</row3>
					</transform>
					<node>
						<identifier>biped Spine</identifier>
						<transform>
							<row0>0.9895103569437481 -1.1719131402351465e-06 -0.14446194481482938</row0>
							<row1>1.7874797313704919e-06 0.9999999999898687 4.13130646662589e-06</row1>
							<row2>0.14446194480852428 -4.346193334745869e-06 0.9895103569358178</row2>
							<row3>-0.05269576981663704 3.673310899898752e-08 0.025931281968951225</row3>
						</transform>
						<node>
							<identifier>biped Spine1</identifier>
							<transform>
								<row0>0.9321420675045333 1.004300417233458e-06 0.36209275881652964</row0>
								<row1>-1.0043005459697528e-06 0.999999999999478 -1.8821041917407594e-07</row1>
								<row2>-0.36209275881652964 -1.8821110611631674e-07 0.9321420675050552</row2>
								<row3>-0.14110907912254333 -3.796594705285372e-10 -0.00013689040497411042</row3>
							</transform>
							<node>
								<identifier>biped Neck</identifier>
								<transform>
									<row0>0.833475710798831 -1.5325698575130885e-06 -0.5525560962527106</row0>
									<row1>1.5325697063422057e-06 0.9999999999987189 -4.6187207760364593e-07</row1>
									<row2>0.5525560962527106 -4.6187157599278084e-07 0.833475710800112</row2>
									<row3>-0.22966766357421875 -1.123407811221e-09 -0.036399420350790024</row3>
								</transform>
								<node>
									<identifier>biped Head</identifier>
									<transform>
										<row0>0.9359367748670282 9.767691831418086e-07 0.3521679063192238</row0>
										<row1>-9.767693357019635e-07 0.9999999999995072 -1.776846787358887e-07</row1>
										<row2>-0.3521679063192238 -1.776851867516279e-07 0.935936774867521</row2>
										<row3>-0.053142089396715164 -1.45519149031062e-13 0.0</row3>
									</transform>
									<node>
										<identifier>biped_bone47</identifier>
										<transform>
											<row0>-0.16949973703227747 -0.5115390926305549 0.8423761605462832</row0>
											<row1>-0.3037285675634174 0.8402537977799127 0.4491351615638906</row1>
											<row2>-0.9375600169560778 -0.17972542352773507 -0.2977918513712139</row2>
											<row3>-0.0937986746430397 0.1313207745552063 -0.017407163977622986</row3>
										</transform>
									</node>
									<node>
										<identifier>biped_bone51</identifier>
										<transform>
											<row0>-0.03360009242988109 -0.9307564634301548 -0.3640926249894309</row0>
											<row1>-0.9369837059799644 0.15609350945338388 -0.31256415506992813</row1>
											<row2>0.3477536031686159 0.330646672581953 -0.8773483968149298</row2>
											<row3>-0.050372619181871414 0.07386298477649689 0.000975222559645772</row3>
										</transform>
									</node>
									<node>
										<identifier>biped_bone52</identifier>
										<transform>
											<row0>-0.752503570498744 0.47412824416781624 0.4571004096136707</row0>
											<row1>-0.3326927907684535 -0.8726577316928904 0.35746886617902457</row1>
											<row2>0.5683782924754779 0.11692258720607834 0.8144171076565725</row2>
											<row3>-0.0451618954539299 -0.07501088827848434 0.06484869122505188</row3>
										</transform>
									</node>
									<node>
										<identifier>biped_bone48</identifier>
										<transform>
											<row0>-0.7884374617101302 0.609906476063729 0.0798777780588006</row0>
											<row1>-0.5129995818980191 -0.7236342513206996 0.4617195028239423</row1>
											<row2>0.33940799078969486 0.323059666825607 0.8834220668793282</row2>
											<row3>-0.13661056756973267 -0.11691126972436905 0.03050544671714306</row3>
										</transform>
									</node>
									<node>
										<identifier>biped_toufa00</identifier>
										<transform>
											<row0>-0.8698313140211552 1.304956626257549e-06 0.4933492527069719</row0>
											<row1>1.9410306685030363e-07 0.9999999999973296 -2.302871027626618e-06</row1>
											<row2>-0.4933492527086596 -1.9073487290029803e-06 -0.8698313140190856</row2>
											<row3>-0.0037672424223273993 -3.890991422395018e-07 -0.10513988137245178</row3>
										</transform>
										<node>
											<identifier>biped_toufa01</identifier>
											<transform>
												<row0>0.9440692276864383 0.3281329917653803 -0.032587019522301544</row0>
												<row1>0.3253800854319994 -0.943036466127169 -0.06935433338044258</row1>
												<row2>-0.05348819582409143 0.054872128025675176 -0.9970597085798912</row2>
												<row3>-0.1723402440547943 -0.08623972535133362 0.001726608257740736</row3>
											</transform>
											<node>
												<identifier>biped_toufa02</identifier>
												<transform>
													<row0>0.9500512096929945 -0.07594986490233996 0.3027114100474378</row0>
													<row1>0.07925469817919914 0.9968534569177084 0.0013704917870925061</row1>
													<row2>-0.30186300422030177 0.02268926405850792 0.9530812162508983</row2>
													<row3>-0.3123483955860138 0.0 0.0</row3>
												</transform>
												<node>
													<identifier>biped_toufa03</identifier>
													<transform>
														<row0>0.9971728417848452 -0.07311875441287746 -0.017319681285902853</row0>
														<row1>0.07425856055992627 0.9941554069250236 0.07836257439178997</row1>
														<row2>0.011488680964484336 -0.07942716559748537 0.9967744657518299</row2>
														<row3>-0.37498950958251953 -3.814697180359872e-08 0.0</row3>
													</transform>
													<node>
														<identifier>biped_toufa04</identifier>
														<transform>
															<row0>0.998604273347315 0.001301884386685654 -0.05279971921823707</row0>
															<row1>8.23790918890988e-05 0.9996565445656453 0.026206604525562303</row1>
															<row2>0.052815702836999046 -0.026174376862070796 0.9982611900348106</row2>
															<row3>-0.19611813127994537 -3.814697180359872e-08 -6.027221843396546e-06</row3>
														</transform>
													</node>
												</node>
											</node>
										</node>
										<node>
											<identifier>biped_toufa05</identifier>
											<transform>
												<row0>0.9100733823887944 -0.4005477650955877 -0.10643273248558938</row0>
												<row1>0.3700890893638063 0.9010059958510027 -0.22631861524927813</row1>
												<row2>0.18654813468725975 0.16657712342247 0.9682209129055792</row2>
												<row3>-0.16529303789138794 0.061492543667554855 0.001635589636862278</row3>
											</transform>
											<node>
												<identifier>biped_toufa06</identifier>
												<transform>
													<row0>0.9813809092164208 1.0430812668036405e-07 -0.19207131960876977</row0>
													<row1>-9.950393132639244e-08 0.9999999999999943 3.465831389204564e-08</row1>
													<row2>0.1920713196087723 -1.490115620316326e-08 0.9813809092164257</row2>
													<row3>-0.33198121190071106 -3.814697180359872e-08 0.0</row3>
												</transform>
												<node>
													<identifier>biped_toufa07</identifier>
													<transform>
														<row0>0.9999985792425783 4.4703480464870026e-08 0.0016856787425061281</row0>
														<row1>-5.271624150052965e-08 0.9999999999887013 4.753388612625417e-06</row1>
														<row2>-0.001685678742274589 -4.753470721860948e-06 0.9999985792312819</row2>
														<row3>-0.3711681067943573 -1.907348590179936e-08 0.0</row3>
													</transform>
													<node>
														<identifier>biped_toufa08</identifier>
														<transform>
															<row0>0.9976801839883572 -2.980232229100134e-08 0.06807532942965981</row0>
															<row1>-1.6706070084546007e-07 0.9999999999958211 2.886147958352688e-06</row1>
															<row2>-0.06807532942946135 -2.8908253383517357e-06 0.997680183984183</row2>
															<row3>-0.199356809258461 -1.907348590179936e-08 0.0</row3>
														</transform>
													</node>
												</node>
											</node>
										</node>
									</node>
								</node>
								<node>
									<identifier>biped L Clavicle</identifier>
									<transform>
										<row0>-0.09039379589058562 -0.9940953776781822 -0.06002784140183079</row0>
										<row1>-0.8281165508858886 0.108509815562994 -0.5499532689923247</row1>
										<row2>0.5532196126434332 -2.3145678432617833e-06 -0.8330354495345875</row2>
										<row3>0.054677583277225494 0.04546530172228813 0.025677833706140518</row3>
									</transform>
									<node>
										<identifier>biped L UpperArm</identifier>
										<transform>
											<row0>0.7965221250021928 0.5914630774790771 -0.1253951050119993</row0>
											<row1>-0.6028936535113412 0.7613783312913698 -0.2383742418880784</row1>
											<row2>-0.04551644689272269 0.2654702706876015 0.9630440220692477</row2>
											<row3>-0.061241064220666885 2.8421708795129297e-16 -1.907348590179936e-08</row3>
										</transform>
										<node>
											<identifier>biped L Forearm</identifier>
											<transform>
												<row0>0.9920290935067065 -1.1102229822070112e-16 0.12600856489531165</row0>
												<row1>1.1538352339943657e-16 1.0 -2.7311745877838022e-17</row1>
												<row2>-0.12600856489531165 4.1633358701404804e-17 0.9920290935067065</row2>
												<row3>-0.2341904491186142 7.629394360719743e-08 -1.776356799695581e-17</row3>
											</transform>
											<node>
												<identifier>biped L Hand</identifier>
												<transform>
													<row0>0.9911817090571066 0.11975249380277697 0.05672882740414483</row0>
													<row1>-0.06881267126128716 0.0993099104985205 0.9926743463748129</row1>
													<row2>0.11324149374023382 -0.9878243173281329 0.10667465580300166</row2>
													<row3>-0.3065617084503174 -1.4210854397564648e-16 4.76837147544984e-09</row3>
												</transform>
												<node>
													<identifier>biped L Finger0</identifier>
													<transform>
														<row0>0.9634869776567564 0.26257557987262414 -0.052409822849522426</row0>
														<row1>-0.2548461967747467 0.8392537866816295 -0.48031916215157694</row1>
														<row2>-0.08213494024010824 0.4761377018788874 0.8755264823133333</row2>
														<row3>-0.03636142611503601 -0.030430888757109642 0.008592605590820312</row3>
													</transform>
												</node>
												<node>
													<identifier>biped L Finger1</identifier>
													<transform>
														<row0>0.9602751133814916 -0.009572616776309231 -0.2788907879945432</row0>
														<row1>0.15133692933629594 0.8575425095557028 0.4916482259949366</row1>
														<row2>0.23445434617260627 -0.5143240314363712 0.8249254210216912</row2>
														<row3>-0.09261440485715866 -0.00608280161395669 -0.014764709398150444</row3>
													</transform>
												</node>
												<node>
													<identifier>biped L Finger2</identifier>
													<transform>
														<row0>0.9755488357146497 -0.052695466572073274 -0.21337210909240925</row0>
														<row1>0.16638796328830152 0.8113672251452839 0.5603553804716495</row1>
														<row2>0.14359495641650605 -0.5821566243592112 0.8002962908863379</row2>
														<row3>-0.08157840371131897 0.020519036799669266 0.0039152526296675205</row3>
													</transform>
												</node>
											</node>
											<node>
												<identifier>biped_bone36</identifier>
												<transform>
													<row0>0.983975829288514 -0.05588480466719907 -0.16931761864404482</row0>
													<row1>0.06731109373710377 0.9957719480795971 0.0625095518915229</row1>
													<row2>0.16510840086408693 -0.07290484226080712 0.9835771957192941</row2>
													<row3>-0.19421912729740143 0.08357200771570206 0.007410096935927868</row3>
												</transform>
												<node>
													<identifier>biped_bone56</identifier>
													<transform>
														<row0>0.9915397566811731 0.12974714975798426 0.003819430627594459</row0>
														<row1>-0.12974714993348585 0.9915470816805848 -0.00024878676207936725</row1>
														<row2>-0.003819424665750046 -0.0002488782727613736 0.9999926750005861</row2>
														<row3>-0.14512509107589722 7.629394360719743e-08 -2.38418573772492e-09</row3>
													</transform>
													<node>
														<identifier>biped_bone38Nub
</identifier>
														<transform>
															<row0>0.9959185557171117 0.09011621626367804 -0.005029706220084112</row0>
															<row1>-0.09011512519462138 0.9959323249354354 0.00046273990437972344</row1>
															<row2>0.005050941959734684 -7.598643375023007e-06 0.9999872438824307</row2>
															<row3>-0.16425468027591705 2.288818308215923e-07 9.775161657898934e-08</row3>
														</transform>
													</node>
												</node>
											</node>
										</node>
									</node>
								</node>
								<node>
									<identifier>biped R Clavicle</identifier>
									<transform>
										<row0>-0.09039378935754996 0.9940949854764423 -0.060033353120486126</row0>
										<row1>0.8281165482447109 0.10851286577948727 0.5499526711305149</row1>
										<row2>0.5532196167841344 -2.3072550366237676e-06 -0.8330354467847643</row2>
										<row3>0.054677583277225494 -0.04546536132693291 0.025678100064396858</row3>
									</transform>
									<node>
										<identifier>biped R UpperArm</identifier>
										<transform>
											<row0>0.7965221550196587 -0.5914630401641106 -0.12539509034514285</row0>
											<row1>0.6028936139570737 0.7613783624727685 0.23837424233348845</row1>
											<row2>-0.045516445518271775 -0.2654702643953055 0.9630440238687268</row2>
											<row3>-0.06124107539653778 0.0 3.552713599391162e-17</row3>
										</transform>
										<node>
											<identifier>biped R Forearm</identifier>
											<transform>
												<row0>0.9920291470028032 1.1102230431402357e-16 0.12600861675651648</row0>
												<row1>-1.1450916403893198e-16 1.0 2.042815862740635e-17</row1>
												<row2>-0.12600861675651648 -3.4694470144474734e-17 0.9920291470028032</row2>
												<row3>-0.2341904491186142 -7.629394360719743e-08 9.53674295089968e-09</row3>
											</transform>
											<node>
												<identifier>biped R Hand</identifier>
												<transform>
													<row0>0.991181718816445 -0.11975241302549422 0.05672882740414483</row0>
													<row1>0.06881266064722008 0.09930989411786365 -0.9926743487493515</row1>
													<row2>0.11324141476830964 0.9878243287674535 0.10667463370643232</row2>
													<row3>-0.30656158924102783 -7.629394360719743e-08 9.53674295089968e-09</row3>
												</transform>
												<node>
													<identifier>biped R Finger0</identifier>
													<transform>
														<row0>0.963487031453887 -0.26257559721910834 -0.052409884231937875</row0>
														<row1>0.254846225987353 0.8392537786526392 0.48031916068096847</row1>
														<row2>-0.08213489219556357 -0.47613771509585134 0.8755264796327059</row2>
														<row3>-0.036361388862133026 0.030430888757109642 0.008592529222369194</row3>
													</transform>
												</node>
												<node>
													<identifier>biped R Finger1</identifier>
													<transform>
														<row0>0.960275113102999 0.009572644713210272 -0.2788907879945432</row0>
														<row1>-0.15133696053456094 0.857542491441981 -0.49164824798593626</row1>
														<row2>0.23445432717521625 0.514324061117769 0.8249254079152503</row2>
														<row3>-0.09261440485715866 0.00608278252184391 -0.014764785766601562</row3>
													</transform>
												</node>
												<node>
													<identifier>biped R Finger2</identifier>
													<transform>
														<row0>0.9755488390170403 0.052695463025165715 -0.21337209486966313</row0>
														<row1>-0.1663879520531992 0.8113672262188188 -0.560355382253295</row1>
														<row2>0.14359494699934197 0.5821566231840545 0.8002962934308736</row2>
														<row3>-0.08157844841480255 -0.02051902748644352 0.003915176261216402</row3>
													</transform>
												</node>
											</node>
											<node>
												<identifier>biped_bone37</identifier>
												<transform>
													<row0>0.9839619833372768 0.05598271174143742 -0.16936573246394196</row0>
													<row1>0.06740146821549131 -0.9957704368018934 0.06243620162824238</row1>
													<row2>-0.16515404151690793 -0.07285034781963329 -0.983573570910275</row2>
													<row3>-0.19420601427555084 -0.08355995267629623 0.007407097611576319</row3>
												</transform>
												<node>
													<identifier>biped_bone55</identifier>
													<transform>
														<row0>0.9915188810400422 0.12995043736991835 0.0017867200311376791</row0>
														<row1>-0.12994946736219903 0.9915204054940256 -0.0006491696573099902</row1>
														<row2>-0.0018559292506726429 0.00041148065584943605 0.9999981931035107</row2>
														<row3>-0.14511069655418396 -7.629394360719743e-08 8.881783998477905e-18</row3>
													</transform>
													<node>
														<identifier>biped_bone39Nub
</identifier>
														<transform>
															<row0>0.9959390986599885 0.08999904450388126 0.002341740531704738</row0>
															<row1>-0.08999981744525813 0.9959417560844388 0.00022659934764974882</row1>
															<row2>-0.0023118434526664443 -0.0004364353704128204 0.9999972324481792</row2>
															<row3>-0.16427108645439148 0.0 -3.5762788286319847e-08</row3>
														</transform>
													</node>
												</node>
											</node>
										</node>
									</node>
								</node>
							</node>
							<node>
								<identifier>biped_bone02</identifier>
								<transform>
									<row0>-0.8329195678467707 0.28357838570486715 0.47521394409146966</row0>
									<row1>-0.13948339726892808 -0.9385808540728037 0.3156110933637867</row1>
									<row2>0.5355271938793279 0.19659420014076734 0.8213168359937258</row2>
									<row3>-0.23482361435890198 -0.06288330256938934 -0.08154888451099396</row3>
								</transform>
								<node>
									<identifier>biped_bone04</identifier>
									<transform>
										<row0>0.977407709593291 -0.10807453269847825 0.18164268388680674</row0>
										<row1>0.10687912673533528 0.9941369871981838 0.0163860597097124</row1>
										<row2>-0.18234862625171866 0.003397950341555555 0.9832280673564945</row2>
										<row3>-0.48479416966438293 -7.105427198782324e-17 1.1444091541079615e-07</row3>
									</transform>
									<node>
										<identifier>biped_bone06</identifier>
										<transform>
											<row0>0.9939685963093836 -0.0004880279255040833 0.10966399308568692</row0>
											<row1>0.0004603063020180454 0.9999998553885043 0.00027810264045889286</row1>
											<row2>-0.10966410641237705 -0.00022594625057760707 0.9939686179672781</row2>
											<row3>-0.5037539005279541 2.288818308215923e-07 -7.629394360719743e-08</row3>
										</transform>
										<node>
											<identifier>biped_bone08</identifier>
											<transform>
												<row0>0.9864815611162062 -0.011799738907007168 0.16344692025076327</row0>
												<row1>0.011660975443322785 0.9999303732172099 0.0018084162688964814</row1>
												<row2>-0.16345686906456824 0.0001219812119712948 0.9865504132414656</row2>
												<row3>-0.44524946808815 7.105427198782324e-17 2.288818308215923e-07</row3>
											</transform>
										</node>
									</node>
								</node>
							</node>
							<node>
								<identifier>biped_bone01</identifier>
								<transform>
									<row0>-0.8329198700396366 -0.28357581334117404 0.4752148240235783</row0>
									<row1>-0.13948369271294844 0.938582573931873 0.3156058481374824</row1>
									<row2>-0.5355265697033208 0.1965896752453362 -0.8213183260640953</row2>
									<row3>-0.23482361435890198 0.06286437809467316 -0.08154922723770142</row3>
								</transform>
								<node>
									<identifier>biped_bone03</identifier>
									<transform>
										<row0>0.9774077263425456 -0.10807452050926522 -0.1816426010125047</row0>
										<row1>0.10687893821645522 0.9941369918383897 -0.016387007787900185</row1>
										<row2>0.18234864696953118 -0.003396980307562615 0.983228066866061</row2>
										<row3>-0.4847943186759949 1.1444091541079615e-07 0.0</row3>
									</transform>
									<node>
										<identifier>biped_bone05</identifier>
										<transform>
											<row0>0.9939685987457663 -0.0004880279558041511 -0.10966397100275138</row0>
											<row1>0.0004603014342630155 0.9999998553783846 -0.00027814708268149855</row1>
											<row2>0.10966408435003373 0.00022599096940849545 0.9939686203912397</row2>
											<row3>-0.503754198551178 -1.5258788721439487e-07 1.4210854397564648e-16</row3>
										</transform>
										<node>
											<identifier>biped_bone07</identifier>
											<transform>
												<row0>0.986481688390154 -0.011799722894764306 -0.16344578856988648</row0>
												<row1>0.011660964855713848 0.9999303733960289 -0.0018083856647191296</row1>
												<row2>0.16345574684442551 -0.00012199625253520452 0.9865505991742947</row2>
												<row3>-0.44524937868118286 -1.1444091541079615e-07 -4.577636616431846e-07</row3>
											</transform>
											<node>
												<identifier>biped_bone09Nub
</identifier>
												<transform>
													<row0>0.9999990341402056 -0.0013898609735211 -2.2649762740853585e-06</row0>
													<row1>0.001389860980227842 0.9999990341383741 2.962186044876358e-06</row1>
													<row2>2.2608570596516093e-06 -2.965331185964447e-06 0.9999999999930477</row2>
													<row3>-0.36228370666503906 3.814697180359872e-08 0.0</row3>
												</transform>
											</node>
										</node>
									</node>
								</node>
							</node>
						</node>
						<node>
							<identifier>biped L Thigh</identifier>
							<transform>
								<row0>-0.9965728046756321 0.02185613110214652 -0.07977991792991655</row0>
								<row1>-0.021803272789205012 -0.999761103944659 -0.0015337323874256815</row1>
								<row2>-0.07979438503447883 0.00021098733934351958 0.9968113219668565</row2>
								<row3>0.055889055132865906 0.07859181612730026 -0.018046913668513298</row3>
							</transform>
							<node>
								<identifier>biped L Calf</identifier>
								<transform>
									<row0>0.9938802569125572 3.4694468995947358e-18 0.11046282143521977</row0>
									<row1>-3.5440259975983525e-18 1.0 4.78808785760682e-19</row1>
									<row2>-0.11046282143521977 -8.673617099382995e-19 0.9938802569125572</row2>
									<row3>-0.5377222895622253 9.53674295089968e-09 0.0</row3>
								</transform>
								<node>
									<identifier>biped L Foot</identifier>
									<transform>
										<row0>0.9843540733094284 0.02179652626642757 -0.1748484195005874</row0>
										<row1>-0.021745594843262432 0.999761099786567 0.0022073645975807703</row1>
										<row2>0.17485476105628106 0.001629354556536902 0.9845928893404015</row2>
										<row3>-0.41317519545555115 -4.76837147544984e-09 0.0</row3>
									</transform>
									<node>
										<identifier>biped L Toe0</identifier>
										<transform>
											<row0>3.169856808907806e-15 0.0 -1.0</row0>
											<row1>-4.371138828673789e-08 0.999999999999999 -1.38558841787529e-22</row1>
											<row2>0.999999999999999 4.371138828673789e-08 3.1698568089078027e-15</row2>
											<row3>-0.2020779401063919 0.0 0.1345536857843399</row3>
										</transform>
									</node>
								</node>
							</node>
						</node>
						<node>
							<identifier>biped R Thigh</identifier>
							<transform>
								<row0>-0.9965728688641555 -0.021856401482558952 -0.07977978915803122</row0>
								<row1>0.021803100792326936 -0.9997610992115272 0.0015392528053031213</row1>
								<row2>-0.07979437223079303 -0.00020546920011501506 0.9968113241444949</row2>
								<row3>0.055889055132865906 -0.07859191298484802 -0.01804647408425808</row3>
							</transform>
							<node>
								<identifier>biped R Calf</identifier>
								<transform>
									<row0>0.9938802577305327 3.4694469024501326e-18 0.11046281407555143</row0>
									<row1>-3.544025999798738e-18 1.0 4.788088378535349e-19</row1>
									<row2>-0.11046281407555143 -8.673617362642164e-19 0.9938802577305327</row2>
									<row3>-0.5377222895622253 0.0 9.53674295089968e-09</row3>
								</transform>
								<node>
									<identifier>biped R Foot</identifier>
									<transform>
										<row0>0.9843540746198162 -0.02179635120680017 -0.17484843394619046</row0>
										<row1>0.021745422485557855 0.999761103602823 -0.002207334091169445</row1>
										<row2>0.17485477511435055 -0.0016293547604081956 0.9845928868434783</row2>
										<row3>-0.41317519545555115 0.0 0.0</row3>
									</transform>
									<node>
										<identifier>biped R Toe0</identifier>
										<transform>
											<row0>7.16665969755837e-15 0.0 -1.0</row0>
											<row1>4.371138473402421e-08 0.999999999999999 3.132646192977995e-22</row1>
											<row2>0.999999999999999 -4.371138473402421e-08 7.166659697558362e-15</row2>
											<row3>-0.2020779401063919 0.0 0.1345536857843399</row3>
										</transform>
									</node>
								</node>
							</node>
						</node>
					</node>
					<node>
						<identifier>biped_bone32</identifier>
						<transform>
							<row0>-0.808185255444509 -0.5245741868801298 0.26769085926093655</row0>
							<row1>-0.20857180021133917 -0.17013260824576742 -0.9630953741806123</row1>
							<row2>0.5507579168884227 -0.8341922454157569 0.028087282952557996</row2>
							<row3>0.0814739242196083 0.09715525805950165 -0.062131863087415695</row3>
						</transform>
						<node>
							<identifier>biped_bone34Nub
</identifier>
							<transform>
								<row0>0.999999999999932 -8.940696716307986e-08 3.576278686523209e-07</row0>
								<row1>8.940699380842521e-08 0.9999999999999932 -7.450577044209653e-08</row1>
								<row2>-3.5762786199098347e-07 7.450580241652411e-08 0.9999999999999333</row2>
								<row3>-0.42132434248924255 0.0 -2.288818308215923e-07</row3>
							</transform>
						</node>
					</node>
					<node>
						<identifier>biped_bone33</identifier>
						<transform>
							<row0>-0.8081840365382861 0.5245757160516765 0.26769176530770084</row0>
							<row1>-0.20857076215509976 0.17013569603354628 -0.9630950535171602</row1>
							<row2>-0.5507602021376664 -0.8341907234344265 -0.02808979667468691</row2>
							<row3>0.08147376775741577 -0.09715503454208374 -0.062132108956575394</row3>
						</transform>
						<node>
							<identifier>biped_bone35Nub
</identifier>
							<transform>
								<row0>0.9999999999998715 -4.6193602543092743e-07 -2.0861627092471738e-07</row0>
								<row1>4.619359710299721e-07 0.9999999999998593 -2.607704061574477e-07</row1>
								<row2>2.08616391383933e-07 2.607703097900545e-07 0.9999999999999443</row2>
								<row3>-0.42132431268692017 -3.814697180359872e-08 4.577636616431846e-07</row3>
							</transform>
						</node>
					</node>
				</node>
			</node>
			<node>
				<identifier>biped_bone40</identifier>
				<transform>
					<row0>3.391001685576843e-08 0.0 0.9999999999999994</row0>
					<row1>-0.9999999999999742 -2.2450949182500358e-07 3.391001685576757e-08</row1>
					<row2>2.2450949182500344e-07 -0.9999999999999748 -7.613120652065875e-15</row2>
					<row3>-0.020246878266334534 0.5449349880218506 -1.452989935874939</row3>
				</transform>
				<node>
					<identifier>biped_bone43Nub
</identifier>
					<transform>
						<row0>0.9999999999999204 8.74227765734689e-08 3.8941442426218375e-07</row0>
						<row1>-8.74228106171322e-08 0.9999999999999925 8.74226913083406e-08</row1>
						<row2>-3.894144166194464e-07 -8.742272535203711e-08 0.9999999999999204</row2>
						<row3>-0.16738800704479218 0.0 -1.1444091541079615e-07</row3>
					</transform>
				</node>
			</node>
			<node>
				<identifier>biped_bone09</identifier>
				<transform>
					<row0>1.6292068456008894e-07 0.0 0.9999999999999867</row0>
					<row1>0.9999999999998114 -5.92058313425365e-07 -1.6292068456006038e-07</row1>
					<row2>5.920583134253572e-07 0.9999999999998247 -9.645854572275217e-14</row2>
					<row3>-1.3493663432369394e-40 -1.9455280053648494e-08 -2.3200190073647924e-16</row3>
				</transform>
			</node>
			<node>
				<identifier>biped_bone57</identifier>
				<transform>
					<row0>1.2697062962713545e-07 0.0 0.9999999999999919</row0>
					<row1>0.9999999999999348 -3.3776623802865946e-07 -1.269706296271282e-07</row1>
					<row2>3.377662380286567e-07 0.9999999999999429 -4.288639190928779e-14</row2>
					<row3>-1.3836376661544514e-33 -2.13501856194398e-08 -2.3200190073647924e-16</row3>
				</transform>
			</node>
		</node>
	</node>
	<anim>
		<name>ability1</name>
		<res>/ability1.anim</res>
		<durationMS>1000</durationMS>
		<_ModifyTime>1727079754</_ModifyTime>
		<motion>
			<trans />
		</motion>
	</anim>
	<anim>
		<name>ability2</name>
		<res>/ability2.anim</res>
		<durationMS>1166</durationMS>
		<_ModifyTime>1727079755</_ModifyTime>
		<motion>
			<trans />
		</motion>
	</anim>
	<anim>
		<name>attack1</name>
		<res>/attack1.anim</res>
		<durationMS>833</durationMS>
		<_ModifyTime>1727079756</_ModifyTime>
		<motion>
			<trans />
		</motion>
	</anim>
	<anim>
		<name>attack2</name>
		<res>/attack2.anim</res>
		<durationMS>666</durationMS>
		<_ModifyTime>1727079756</_ModifyTime>
		<motion>
			<trans />
		</motion>
	</anim>
	<anim>
		<name>attack3</name>
		<res>/attack3.anim</res>
		<durationMS>1333</durationMS>
		<_ModifyTime>1727079757</_ModifyTime>
		<motion>
			<trans />
		</motion>
	</anim>
	<anim>
		<name>die</name>
		<res>/die.anim</res>
		<durationMS>3200</durationMS>
		<_ModifyTime>1727079758</_ModifyTime>
		<motion>
			<trans />
		</motion>
	</anim>
	<anim>
		<name>idle1</name>
		<res>/idle1.anim</res>
		<durationMS>1733</durationMS>
		<_ModifyTime>1727079759</_ModifyTime>
		<motion>
			<trans />
		</motion>
	</anim>
	<anim>
		<name>idle2</name>
		<res>/idle2.anim</res>
		<durationMS>4233</durationMS>
		<_ModifyTime>1727079761</_ModifyTime>
		<motion>
			<trans />
		</motion>
	</anim>
	<anim>
		<name>stun</name>
		<res>/stun.anim</res>
		<durationMS>1333</durationMS>
		<_ModifyTime>1727079762</_ModifyTime>
		<motion>
			<trans />
		</motion>
	</anim>
	<anim>
		<name>walk</name>
		<res>/walk.anim</res>
		<durationMS>1600</durationMS>
		<_ModifyTime>1727079763</_ModifyTime>
		<motion>
			<trans />
		</motion>
	</anim>
</Root>