<Root>
	<matrixlayout>column major</matrixlayout>
	<system />
	<node>
		<identifier>Scene Root</identifier>
		<transform>
			<row0>1.0 0.0 0.0</row0>
			<row1>0.0 1.0 0.0</row1>
			<row2>0.0 0.0 1.0</row2>
			<row3>0.0 0.0 0.0</row3>
		</transform>
		<node>
			<identifier>root</identifier>
			<transform>
				<row0>1.192488047769079e-08 0.0 -0.9999999999999999</row0>
				<row1>-7.3018834001526095e-25 1.0 -8.70740868088543e-33</row1>
				<row2>0.9999999999999999 7.30188340015261e-25 1.192488047769079e-08</row2>
				<row3>0.0 0.0 0.0</row3>
			</transform>
			<node>
				<identifier>biped_bone00</identifier>
				<transform>
					<row0>-3.7699576040297944e-07 -0.03569158403118788 0.9993627927934462</row0>
					<row1>-0.9999999999999235 1.1874527614502532e-07 -3.72995228648819e-07</row1>
					<row2>-1.0535682025276806e-07 -0.9993627927935103 -0.035691584031229906</row2>
					<row3>2.952289719360124e-07 0.7260652184486389 -1.165216088294983</row3>
				</transform>
				<node>
					<identifier>biped_bone37</identifier>
					<transform>
						<row0>1.0 9.628739645883844e-12 -3.7252894102834944e-09</row0>
						<row1>-9.629390996118331e-12 0.9999999999999847 -1.748455389360943e-07</row1>
						<row2>3.725289408599895e-09 1.7484553893613017e-07 0.9999999999999847</row2>
						<row3>-1.0892120599746704 -3.63797872577655e-14 -2.288818308215923e-07</row3>
					</transform>
				</node>
				<node>
					<identifier>biped_bone01</identifier>
					<transform>
						<row0>-0.7533250839305429 3.164466788207016e-07 0.6576483238942682</row0>
						<row1>-5.528790281824184e-07 -0.9999999999998355 -1.521344430650343e-07</row1>
						<row2>0.6576483238941119 -4.782066582911527e-07 0.7533250839305939</row2>
						<row3>-0.2540421187877655 1.1825559198541669e-07 -0.07189705222845078</row3>
					</transform>
					<node>
						<identifier>biped_bone38</identifier>
						<transform>
							<row0>0.9999999999999996 -1.0658141036401498e-14 2.98023223876953e-08</row0>
							<row1>1.0658141354038858e-14 1.0 -1.0658141036401498e-14</row1>
							<row2>-2.98023223876953e-08 1.0658141354038858e-14 0.9999999999999996</row2>
							<row3>-0.15793579816818237 -2.4880428384221887e-08 -2.8421708795129297e-16</row3>
						</transform>
					</node>
				</node>
				<node>
					<identifier>biped_bone02</identifier>
					<transform>
						<row0>-0.7533250839305429 3.164466788207016e-07 0.6576483238942682</row0>
						<row1>-5.528790281824184e-07 -0.9999999999998355 -1.521344430650343e-07</row1>
						<row2>0.6576483238941119 -4.782066582911527e-07 0.7533250839305939</row2>
						<row3>-0.12965050339698792 5.912781375627674e-08 -0.05931457504630089</row3>
					</transform>
					<node>
						<identifier>biped_bone39</identifier>
						<transform>
							<row0>0.9999999999999996 -1.0658141036401498e-14 2.98023223876953e-08</row0>
							<row1>1.0658141354038858e-14 1.0 -1.0658141036401498e-14</row1>
							<row2>-2.98023223876953e-08 1.0658141354038858e-14 0.9999999999999996</row2>
							<row3>-0.1579357534646988 -2.4880463911358675e-08 0.0</row3>
						</transform>
					</node>
				</node>
			</node>
			<node>
				<identifier>biped_bone03</identifier>
				<transform>
					<row0>-0.017374533624912047 -0.9998480379654802 1.000498464020205e-06</row0>
					<row1>-0.00023541640884627382 5.091522465751307e-06 0.9999999722765951</row1>
					<row2>-0.9998480102513821 0.017374532907697058 -0.00023546909731810936</row2>
					<row3>-0.1109238713979721 0.0034852551762014627 1.2475154399871826</row3>
				</transform>
				<node>
					<identifier>biped_bone40</identifier>
					<transform>
						<row0>1.0 -4.665707820095122e-10 -1.862645149230957e-09</row0>
						<row1>4.665716706666641e-10 0.9999999999998862 4.770942041431593e-07</row1>
						<row2>1.8626449266325293e-09 -4.770942041440283e-07 0.9999999999998862</row2>
						<row3>-0.5862699151039124 7.629394360719743e-08 -2.384185791015625e-07</row3>
					</transform>
				</node>
				<node>
					<identifier>biped_bone04</identifier>
					<transform>
						<row0>0.1236265247303534 0.5074176689547294 0.8527870185252506</row0>
						<row1>0.4289625871307357 -0.8022636036174011 0.4151699850693321</row1>
						<row2>0.8948228659040738 0.31448710347479114 -0.31684365293194067</row2>
						<row3>-0.40658676624298096 -0.17745132744312286 -0.18774957954883575</row3>
					</transform>
					<node>
						<identifier>biped_bone41</identifier>
						<transform>
							<row0>0.999999999999998 -1.8626451492309534e-08 5.9604644775390526e-08</row0>
							<row1>1.8626490572162807e-08 0.9999999999997848 -6.556512062159925e-07</row1>
							<row2>-5.960463256292231e-08 6.556512073262166e-07 0.9999999999997833</row2>
							<row3>-0.3684144914150238 1.5258788721439487e-07 -1.5258788721439487e-07</row3>
						</transform>
					</node>
				</node>
				<node>
					<identifier>biped_bone05</identifier>
					<transform>
						<row0>0.12362412662276562 -0.5071293834311873 0.8529577151169114</row0>
						<row1>-0.4289661609851073 -0.8024020106381503 -0.41489872668290384</row1>
						<row2>0.8948223210482181 -0.31459850381325877 -0.3167375924987133</row2>
						<row3>-0.40658625960350037 0.17886604368686676 -0.1878095120191574</row3>
					</transform>
					<node>
						<identifier>biped_bone42</identifier>
						<transform>
							<row0>0.9999999999994207 -9.536742027188598e-07 -4.991888431504154e-07</row0>
							<row1>9.53674693658856e-07 0.9999999999990616 9.83476184045996e-07</row1>
							<row2>4.991879052340812e-07 -9.834766601091934e-07 0.9999999999993918</row2>
							<row3>-0.36841484904289246 1.5258788721439487e-07 -7.629394360719743e-08</row3>
						</transform>
					</node>
				</node>
				<node>
					<identifier>biped_bone06</identifier>
					<transform>
						<row0>0.32448535866078637 -0.00022235602805145024 -0.9458917009479045</row0>
						<row1>1.0283012003735933e-06 0.9999999724520732 -0.00023472280496772866</row1>
						<row2>0.9458917270825798 7.519145198431097e-05 0.32448534995053646</row2>
						<row3>-0.06700055301189423 0.0020240782760083675 -0.28307202458381653</row3>
					</transform>
					<node>
						<identifier>biped_bone43</identifier>
						<transform>
							<row0>1.0 -1.90958360235527e-14 -0.0</row0>
							<row1>1.90958360235527e-14 1.0 1.5987211554602257e-14</row1>
							<row2>-3.0528917032053175e-28 -1.5987211554602257e-14 1.0</row2>
							<row3>-0.7051675319671631 7.629394360719743e-08 -1.5258788721439487e-07</row3>
						</transform>
					</node>
				</node>
			</node>
			<node>
				<identifier>biped_bone07</identifier>
				<transform>
					<row0>-0.017374533624912047 -0.9998480379654802 1.000498464020205e-06</row0>
					<row1>-0.00023541640884627382 5.091522465751307e-06 0.9999999722765951</row1>
					<row2>-0.9998480102513821 0.017374532907697058 -0.00023546909731810936</row2>
					<row3>-0.11092405021190643 0.003485247725620866 3.0973732471466064</row3>
				</transform>
				<node>
					<identifier>biped_bone44</identifier>
					<transform>
						<row0>1.0 -4.665707820095122e-10 -1.862645149230957e-09</row0>
						<row1>4.665716706666641e-10 0.9999999999998862 4.770942041431593e-07</row1>
						<row2>1.8626449266325293e-09 -4.770942041440283e-07 0.9999999999998862</row2>
						<row3>-0.5862699151039124 3.0517577442878974e-07 -2.47955313170678e-07</row3>
					</transform>
				</node>
				<node>
					<identifier>biped_bone08</identifier>
					<transform>
						<row0>0.1236265247303534 0.5074176689547294 0.8527870185252506</row0>
						<row1>0.4289625871307357 -0.8022636036174011 0.4151699850693321</row1>
						<row2>0.8948228659040738 0.31448710347479114 -0.31684365293194067</row2>
						<row3>-0.40658700466156006 -0.1774514764547348 -0.18774956464767456</row3>
					</transform>
					<node>
						<identifier>biped_bone45</identifier>
						<transform>
							<row0>0.999999999999998 -1.8626451492309534e-08 5.9604644775390526e-08</row0>
							<row1>1.8626490572162807e-08 0.9999999999997848 -6.556512062159925e-07</row1>
							<row2>-5.960463256292231e-08 6.556512073262166e-07 0.9999999999997833</row2>
							<row3>-0.3684145212173462 1.5258788721439487e-07 -7.629394360719743e-08</row3>
						</transform>
					</node>
				</node>
				<node>
					<identifier>biped_bone09</identifier>
					<transform>
						<row0>0.12362412662276562 -0.5071293834311873 0.8529577151169114</row0>
						<row1>-0.4289661609851073 -0.8024020106381503 -0.41489872668290384</row1>
						<row2>0.8948223210482181 -0.31459850381325877 -0.3167375924987133</row2>
						<row3>-0.40658605098724365 0.17886626720428467 -0.18780948221683502</row3>
					</transform>
					<node>
						<identifier>biped_bone46</identifier>
						<transform>
							<row0>0.9999999999994207 -9.536742027188598e-07 -4.991888431504154e-07</row0>
							<row1>9.53674693658856e-07 0.9999999999990616 9.83476184045996e-07</row1>
							<row2>4.991879052340812e-07 -9.834766601091934e-07 0.9999999999993918</row2>
							<row3>-0.36841490864753723 3.0517577442878974e-07 0.0</row3>
						</transform>
					</node>
				</node>
				<node>
					<identifier>biped_bone10</identifier>
					<transform>
						<row0>0.32448535866078637 -0.00022235602805145024 -0.9458917009479045</row0>
						<row1>1.0283012003735933e-06 0.9999999724520732 -0.00023472280496772866</row1>
						<row2>0.9458917270825798 7.519145198431097e-05 0.32448534995053646</row2>
						<row3>-0.06700079143047333 -0.0006161499186418951 -0.28307095170021057</row3>
					</transform>
					<node>
						<identifier>biped_bone47</identifier>
						<transform>
							<row0>1.0 -1.90958360235527e-14 -0.0</row0>
							<row1>1.90958360235527e-14 1.0 1.5987211554602257e-14</row1>
							<row2>-3.0528917032053175e-28 -1.5987211554602257e-14 1.0</row2>
							<row3>-0.7051674723625183 0.0 -1.5258788721439487e-07</row3>
						</transform>
					</node>
				</node>
			</node>
			<node>
				<identifier>biped_bone11</identifier>
				<transform>
					<row0>-0.017374546470378983 -0.9998489915587372 2.1538262150790476e-06</row0>
					<row1>-0.0001689691684326437 5.090357540256535e-06 0.9999999857117541</row1>
					<row2>-0.9998489772836128 0.017374545858196967 -0.0001690320953155312</row2>
					<row3>-0.11092416942119598 0.0034838435240089893 2.1836137771606445</row3>
				</transform>
				<node>
					<identifier>biped_bone48</identifier>
					<transform>
						<row0>1.0 -5.820766091346741e-10 -1.862645149230957e-09</row0>
						<row1>5.820774978773632e-10 0.9999999999998862 4.771401336255988e-07</row1>
						<row2>1.862644871498634e-09 -4.77140133626683e-07 0.9999999999998862</row2>
						<row3>-0.5862698554992676 2.8421708795129297e-16 -2.288818308215923e-07</row3>
					</transform>
				</node>
				<node>
					<identifier>biped_bone12</identifier>
					<transform>
						<row0>0.12362614621514727 0.5074172758630361 0.8527861889874429</row0>
						<row1>0.42896293957342685 -0.8022624820716591 0.41516949109098267</row1>
						<row2>0.8948225368443262 0.31448786624599134 -0.31684382515606635</row2>
						<row3>-0.4065866768360138 -0.17743027210235596 -0.18774940073490143</row3>
					</transform>
					<node>
						<identifier>biped_bone49</identifier>
						<transform>
							<row0>0.9999999999999992 -2.6077033865590218e-08 2.98023223876953e-08</row0>
							<row1>2.6077053405511554e-08 0.9999999999997847 -6.556511493725744e-07</row1>
							<row2>-2.9802305290251657e-08 6.556511501497306e-07 0.9999999999997846</row2>
							<row3>-0.3684144914150238 1.5258788721439487e-07 -1.1444091541079615e-07</row3>
						</transform>
					</node>
				</node>
				<node>
					<identifier>biped_bone13</identifier>
					<transform>
						<row0>0.12362359812881407 -0.5071288780701935 0.8529580921785972</row0>
						<row1>-0.42896589627684234 -0.8024013500848713 -0.41489797928331845</row1>
						<row2>0.8948214181419463 -0.3145987326910526 -0.31673671687117944</row2>
						<row3>-0.4065859615802765 0.17888671159744263 -0.18780933320522308</row3>
					</transform>
					<node>
						<identifier>biped_bone50</identifier>
						<transform>
							<row0>0.9999999999994172 -9.611247833157756e-07 -4.917382625534944e-07</row0>
							<row1>9.611252522734384e-07 0.9999999999990834 9.536739753451879e-07</row1>
							<row2>4.917373459533508e-07 -9.536744479666937e-07 0.9999999999994243</row2>
							<row3>-0.3684147596359253 1.5258788721439487e-07 -7.629394360719743e-08</row3>
						</transform>
					</node>
				</node>
				<node>
					<identifier>biped_bone14</identifier>
					<transform>
						<row0>0.32448555755291925 -0.00015989092445772724 -0.9458916453399965</row0>
						<row1>1.959499228523483e-06 0.9999999858246853 -0.00016836504876231105</row1>
						<row2>0.9458907567800072 5.277850243725024e-05 0.3244852438132974</row2>
						<row3>-0.06700196862220764 -0.003695831401273608 -0.28307080268859863</row3>
					</transform>
					<node>
						<identifier>biped_bone51</identifier>
						<transform>
							<row0>1.0 4.263256414560601e-14 -5.551115123125783e-17</row0>
							<row1>-4.263256414560601e-14 1.0 -2.6469776446253265e-23</row1>
							<row2>5.551115123125783e-17 2.646977881283598e-23 1.0</row2>
							<row3>-0.7051675319671631 1.5258788721439487e-07 -1.5258788721439487e-07</row3>
						</transform>
					</node>
				</node>
			</node>
			<node>
				<identifier>biped_bone15</identifier>
				<transform>
					<row0>1.267584593572621e-06 0.9999999999991966 -0.0</row0>
					<row1>-3.953758096079134e-06 5.011722849306955e-12 -0.9999999999921839</row1>
					<row2>-0.9999999999913806 1.2675845935627135e-06 3.95375809608231e-06</row2>
					<row3>2.5939242839813232 0.04464429244399071 1.248805046081543</row3>
				</transform>
				<node>
					<identifier>biped_bone52</identifier>
					<transform>
						<row0>0.9999999999968936 1.808884056521597e-22 -2.492550720482074e-06</row0>
						<row1>-1.0748314696648944e-18 1.0 -4.3114492011141886e-13</row1>
						<row2>2.492550720482074e-06 4.3114492011275863e-13 0.9999999999968936</row2>
						<row3>-0.12399997562170029 1.4210854397564648e-16 0.0</row3>
					</transform>
				</node>
			</node>
			<node>
				<identifier>biped_bone16</identifier>
				<transform>
					<row0>7.549790132527558e-08 0.9999999999999971 -0.0</row0>
					<row1>2.364324245654866e-06 -1.785015185994082e-13 -0.999999999997205</row1>
					<row2>-0.9999999999972021 7.549790132506457e-08 -2.3643242456548726e-06</row2>
					<row3>1.3433688879013062 0.04792070761322975 3.0957400798797607</row3>
				</transform>
				<node>
					<identifier>biped_bone53</identifier>
					<transform>
						<row0>0.9999999999999366 9.782077173131661e-24 -3.559621291060241e-07</row0>
						<row1>-9.576065960488906e-21 1.0 -2.6874442815982342e-14</row1>
						<row2>3.559621291060241e-07 2.687444281598405e-14 0.9999999999999366</row2>
						<row3>-0.12399998307228088 5.684341759025859e-16 2.8421708795129297e-16</row3>
					</transform>
				</node>
			</node>
			<node>
				<identifier>biped_bone17</identifier>
				<transform>
					<row0>7.549790132527558e-08 0.9999999999999971 -0.0</row0>
					<row1>2.364324245654866e-06 -1.785015185994082e-13 -0.999999999997205</row1>
					<row2>-0.9999999999972021 7.549790132506457e-08 -2.3643242456548726e-06</row2>
					<row3>1.9442058801651 0.047920726239681244 3.0957398414611816</row3>
				</transform>
				<node>
					<identifier>biped_bone54</identifier>
					<transform>
						<row0>0.9999999999999366 9.782077173131661e-24 -3.559621291060241e-07</row0>
						<row1>-9.576065960488906e-21 1.0 -2.6874442815982342e-14</row1>
						<row2>3.559621291060241e-07 2.687444281598405e-14 0.9999999999999366</row2>
						<row3>-0.12399999797344208 0.0 -2.8421708795129297e-16</row3>
					</transform>
				</node>
			</node>
			<node>
				<identifier>biped_bone18</identifier>
				<transform>
					<row0>1.267584593572621e-06 0.9999999999991966 -0.0</row0>
					<row1>-3.953758096079134e-06 5.011722849306955e-12 -0.9999999999921839</row1>
					<row2>-0.9999999999913806 1.2675845935627135e-06 3.95375809608231e-06</row2>
					<row3>2.593924045562744 0.0446443036198616 3.0957400798797607</row3>
				</transform>
				<node>
					<identifier>biped_bone55</identifier>
					<transform>
						<row0>0.9999999999968936 1.808884056521597e-22 -2.492550720482074e-06</row0>
						<row1>-1.0748314696648944e-18 1.0 -4.3114492011141886e-13</row1>
						<row2>2.492550720482074e-06 4.3114492011275863e-13 0.9999999999968936</row2>
						<row3>-0.12399997562170029 3.0517577442878974e-07 0.0</row3>
					</transform>
				</node>
			</node>
			<node>
				<identifier>biped_bone19</identifier>
				<transform>
					<row0>7.549790132527558e-08 0.9999999999999971 -0.0</row0>
					<row1>2.364324245654866e-06 -1.785015185994082e-13 -0.999999999997205</row1>
					<row2>-0.9999999999972021 7.549790132506457e-08 -2.3643242456548726e-06</row2>
					<row3>1.3433691263198853 0.04792070761322975 1.2488048076629639</row3>
				</transform>
				<node>
					<identifier>biped_bone56</identifier>
					<transform>
						<row0>0.9999999999999366 9.782077173131661e-24 -3.559621291060241e-07</row0>
						<row1>-9.576065960488906e-21 1.0 -2.6874442815982342e-14</row1>
						<row2>3.559621291060241e-07 2.687444281598405e-14 0.9999999999999366</row2>
						<row3>-0.12399998307228088 0.0 2.8421708795129297e-16</row3>
					</transform>
				</node>
			</node>
			<node>
				<identifier>biped_bone20</identifier>
				<transform>
					<row0>7.549790132527558e-08 0.9999999999999971 -0.0</row0>
					<row1>2.364324245654866e-06 -1.785015185994082e-13 -0.999999999997205</row1>
					<row2>-0.9999999999972021 7.549790132506457e-08 -2.3643242456548726e-06</row2>
					<row3>1.9442062377929688 0.04792071506381035 1.2488048076629639</row3>
				</transform>
				<node>
					<identifier>biped_bone57</identifier>
					<transform>
						<row0>0.9999999999999366 9.782077173131661e-24 -3.559621291060241e-07</row0>
						<row1>-9.576065960488906e-21 1.0 -2.6874442815982342e-14</row1>
						<row2>3.559621291060241e-07 2.687444281598405e-14 0.9999999999999366</row2>
						<row3>-0.12399999797344208 0.0 -2.8421708795129297e-16</row3>
					</transform>
				</node>
			</node>
			<node>
				<identifier>biped_bone21</identifier>
				<transform>
					<row0>7.549790132527558e-08 0.9999999999999971 -0.0</row0>
					<row1>2.364324245654866e-06 -1.785015185994082e-13 -0.999999999997205</row1>
					<row2>-0.9999999999972021 7.549790132506457e-08 -2.3643242456548726e-06</row2>
					<row3>1.9442062377929688 0.047920722514390945 2.1810457706451416</row3>
				</transform>
				<node>
					<identifier>biped_bone58</identifier>
					<transform>
						<row0>0.9999999999999366 9.782077173131661e-24 -3.559621291060241e-07</row0>
						<row1>-9.576065960488906e-21 1.0 -2.6874442815982342e-14</row1>
						<row2>3.559621291060241e-07 2.687444281598405e-14 0.9999999999999366</row2>
						<row3>-0.12399999797344208 2.8421708795129297e-16 0.0</row3>
					</transform>
				</node>
			</node>
			<node>
				<identifier>biped_bone22</identifier>
				<transform>
					<row0>7.549790132527558e-08 0.9999999999999971 -0.0</row0>
					<row1>2.364324245654866e-06 -1.785015185994082e-13 -0.999999999997205</row1>
					<row2>-0.9999999999972021 7.549790132506457e-08 -2.3643242456548726e-06</row2>
					<row3>1.3433690071105957 0.047920722514390945 2.1810457706451416</row3>
				</transform>
				<node>
					<identifier>biped_bone59</identifier>
					<transform>
						<row0>0.9999999999999366 9.782077173131661e-24 -3.559621291060241e-07</row0>
						<row1>-9.576065960488906e-21 1.0 -2.6874442815982342e-14</row1>
						<row2>3.559621291060241e-07 2.687444281598405e-14 0.9999999999999366</row2>
						<row3>-0.12399998307228088 2.8421708795129297e-16 0.0</row3>
					</transform>
				</node>
			</node>
			<node>
				<identifier>biped_bone23</identifier>
				<transform>
					<row0>1.267584593572621e-06 0.9999999999991966 -0.0</row0>
					<row1>-3.953758096079134e-06 5.011722849306955e-12 -0.9999999999921839</row1>
					<row2>-0.9999999999913806 1.2675845935627135e-06 3.95375809608231e-06</row2>
					<row3>2.5939242839813232 0.0446443036198616 2.1810457706451416</row3>
				</transform>
				<node>
					<identifier>biped_bone60</identifier>
					<transform>
						<row0>0.9999999999968936 1.808884056521597e-22 -2.492550720482074e-06</row0>
						<row1>-1.0748314696648944e-18 1.0 -4.3114492011141886e-13</row1>
						<row2>2.492550720482074e-06 4.3114492011275863e-13 0.9999999999968936</row2>
						<row3>-0.12399997562170029 0.0 0.0</row3>
					</transform>
				</node>
			</node>
			<node>
				<identifier>biped_bone24</identifier>
				<transform>
					<row0>3.3957945688182447e-07 0.9999999968612628 -7.922978668518849e-05</row0>
					<row1>-0.0002666763627339508 -7.922968858765148e-05 -0.9999999016985393</row1>
					<row2>-0.9999999048371536 3.607081348340606e-07 0.0002666763349921491</row2>
					<row3>0.7434082627296448 0.047920722514390945 3.0957367420196533</row3>
				</transform>
				<node>
					<identifier>biped_bone61</identifier>
					<transform>
						<row0>0.9999999999448618 -1.0490425665342644e-05 4.7683715820307084e-07</row0>
						<row1>1.0490425665123795e-05 0.9999999999449755 4.614627013843106e-10</row1>
						<row2>-4.768371630177732e-07 -4.564604765963682e-10 0.9999999999998863</row2>
						<row3>-0.12399998307228088 1.220703097715159e-06 -7.629394360719743e-08</row3>
					</transform>
				</node>
			</node>
			<node>
				<identifier>biped_bone25</identifier>
				<transform>
					<row0>3.3957945688182447e-07 0.9999999968612628 -7.922978668518849e-05</row0>
					<row1>-0.0002666763627339508 -7.922968858765148e-05 -0.9999999016985393</row1>
					<row2>-0.9999999048371536 3.607081348340606e-07 0.0002666763349921491</row2>
					<row3>0.743408203125 0.04792073741555214 2.181042432785034</row3>
				</transform>
				<node>
					<identifier>biped_bone62</identifier>
					<transform>
						<row0>0.9999999999448618 -1.0490425665342644e-05 4.7683715820307084e-07</row0>
						<row1>1.0490425665123795e-05 0.9999999999449755 4.614627013843106e-10</row1>
						<row2>-4.768371630177732e-07 -4.564604765963682e-10 0.9999999999998863</row2>
						<row3>-0.12399998307228088 1.3732910701946821e-06 -7.629394360719743e-08</row3>
					</transform>
				</node>
			</node>
			<node>
				<identifier>biped_bone26</identifier>
				<transform>
					<row0>3.3957945688182447e-07 0.9999999968612628 -7.922978668518849e-05</row0>
					<row1>-0.0002666763627339508 -7.922968858765148e-05 -0.9999999016985393</row1>
					<row2>-0.9999999048371536 3.607081348340606e-07 0.0002666763349921491</row2>
					<row3>0.7434084415435791 0.04792071506381035 1.248801350593567</row3>
				</transform>
				<node>
					<identifier>biped_bone63</identifier>
					<transform>
						<row0>0.9999999999448618 -1.0490425665342644e-05 4.7683715820307084e-07</row0>
						<row1>1.0490425665123795e-05 0.9999999999449755 4.614627013843106e-10</row1>
						<row2>-4.768371630177732e-07 -4.564604765963682e-10 0.9999999999998863</row2>
						<row3>-0.12399998307228088 1.2969970839549205e-06 -7.629394360719743e-08</row3>
					</transform>
				</node>
			</node>
			<node>
				<identifier>biped</identifier>
				<transform>
					<row0>0.9999999999990347 -8.742280499510092e-08 -1.3868001360592951e-06</row0>
					<row1>8.742280499518436e-08 0.9999999999999962 -4.456928020374641e-16</row1>
					<row2>1.3868001360592898e-06 -1.2079226505996986e-13 0.9999999999990384</row2>
					<row3>-0.06765983253717422 1.0362650156021118 -0.0021700067445635796</row3>
				</transform>
				<node>
					<identifier>biped Pelvis</identifier>
					<transform>
						<row0>1.3868001361214163e-06 -0.9999999999990384 -0.0</row0>
						<row1>1.3868001361200829e-06 1.923214617546379e-12 0.9999999999990384</row1>
						<row2>-0.9999999999980769 -1.3868001361200829e-06 1.3868001361214163e-06</row2>
						<row3>0.0 0.0 0.0</row3>
					</transform>
					<node>
						<identifier>biped Spine</identifier>
						<transform>
							<row0>0.9760529856824671 -1.3403361928273059e-06 -0.21753291506929456</row0>
							<row1>2.2779317379858698e-06 0.9999999999891662 4.059366744328705e-06</row1>
							<row2>0.21753291506149694 -4.457682162075079e-06 0.976052985674946</row2>
							<row3>-0.1302940398454666 1.8104910282090714e-07 -0.0001203727733809501</row3>
						</transform>
						<node>
							<identifier>biped Spine1</identifier>
							<transform>
								<row0>0.8685557660697611 1.9449962158408025e-06 0.4955914458737029</row0>
								<row1>-2.0950730934221546e-06 0.9999999999977733 -2.528461724881784e-07</row1>
								<row2>-0.4955914458730912 -8.186893025369003e-07 0.868555766071902</row2>
								<row3>-0.15472671389579773 -2.98023217215615e-10 -0.0001246833853656426</row3>
							</transform>
							<node>
								<identifier>biped Neck</identifier>
								<transform>
									<row0>0.9563028110670713 -8.109399142500051e-07 -0.2923780661139952</row0>
									<row1>8.109399712856371e-07 0.9999999999996638 -1.2119835312410812e-07</row1>
									<row2>0.2923780661139952 -1.211987347497492e-07 0.9563028110674074</row2>
									<row3>-0.226787269115448 -1.3113021779531664e-08 -0.004698448348790407</row3>
								</transform>
								<node>
									<identifier>biped Head</identifier>
									<transform>
										<row0>0.9999968362034388 -3.981404556002084e-07 -0.002515468734486982</row0>
										<row1>3.975577146538379e-07 0.999999999999894 -2.321629881747844e-07</row1>
										<row2>0.0025154687345791487 2.3116220965695495e-07 0.9999968362034911</row2>
										<row3>-0.046150512993335724 -2.7755574995243454e-19 -4.440891999238953e-18</row3>
									</transform>
									<node>
										<identifier>biped_bone27</identifier>
										<transform>
											<row0>-0.6677934472518736 -0.7321689664753449 0.13409144766868772</row0>
											<row1>-0.08036243412716687 -0.10817558555703129 -0.990878358765873</row1>
											<row2>0.7399957606029584 -0.6724779500550208 0.013400066050582929</row2>
											<row3>-0.20002059638500214 0.1185440644621849 -0.023449290543794632</row3>
										</transform>
										<node>
											<identifier>biped_bone28</identifier>
											<transform>
												<row0>0.8106403311348458 0.12839448389462293 -0.571294241212898</row0>
												<row1>-0.09544902207746815 0.9915886163497116 0.08741499242597482</row1>
												<row2>0.5777125034443897 -0.016332642737583322 0.8160769008771307</row2>
												<row3>-0.1133647933602333 -2.384185791015625e-07 -3.0517577442878974e-07</row3>
											</transform>
											<node>
												<identifier>biped_bone29</identifier>
												<transform>
													<row0>0.8623650639843708 0.3077966560072348 -0.40197974447725093</row0>
													<row1>-0.3468990817873949 0.9375327344973977 -0.026330203030136865</row1>
													<row2>0.36876484258775205 0.16215266114214721 0.9152699084727687</row2>
													<row3>-0.11923523247241974 2.1934509675247682e-07 -4.1961669694501325e-07</row3>
												</transform>
												<node>
													<identifier>biped_bone64</identifier>
													<transform>
														<row0>1.0 -0.0 -2.7755575615628914e-17</row0>
														<row1>1.6233422676794012e-23 0.9999999999998289 5.848706905452582e-07</row1>
														<row2>2.7755575615624165e-17 -5.848706905452582e-07 0.9999999999998289</row2>
														<row3>-0.13335570693016052 7.105427198782324e-17 6.675720101156912e-07</row3>
													</transform>
												</node>
											</node>
										</node>
									</node>
									<node>
										<identifier>biped_bone30</identifier>
										<transform>
											<row0>-0.6677934971088222 0.7321692538111875 0.13408963044448463</row0>
											<row1>0.08036213362660762 -0.10817340052748017 0.9908786216773983</row1>
											<row2>0.7399957923516517 0.6724780287800416 0.013398810020331064</row2>
											<row3>-0.20002074539661407 -0.11854368448257446 -0.023448998108506203</row3>
										</transform>
										<node>
											<identifier>biped_bone31</identifier>
											<transform>
												<row0>0.8106407530478534 -0.12839443993246638 -0.5712936524174214</row0>
												<row1>0.09544935826996774 0.9915886896982269 -0.08741447516518591</row1>
												<row2>0.5777118568143296 0.01633212346824031 0.8160773690276908</row2>
												<row3>-0.11336471885442734 -1.776356799695581e-17 -3.0517577442878974e-07</row3>
											</transform>
											<node>
												<identifier>biped_bone32</identifier>
												<transform>
													<row0>0.8623645396444214 -0.30779695834987597 -0.40198063783524446</row0>
													<row1>0.3468993024553097 0.9375326723712873 0.0263295078398004</row1>
													<row2>0.3687658611834097 -0.1621524464379594 0.9152695361148228</row2>
													<row3>-0.11923477053642273 1.907348590179936e-08 0.0</row3>
												</transform>
												<node>
													<identifier>biped_bone65</identifier>
													<transform>
														<row0>0.9999999999999836 1.788139059044595e-07 -2.9802318834981624e-08</row0>
														<row1>-1.7881391156659225e-07 0.9999999999999659 -1.8998977679984472e-07</row1>
														<row2>2.9802284862166536e-08 1.899897821289108e-07 0.9999999999999815</row2>
														<row3>-0.13335570693016052 -1.5258788721439487e-07 3.814697180359872e-08</row3>
													</transform>
												</node>
											</node>
										</node>
									</node>
								</node>
								<node>
									<identifier>biped L Clavicle</identifier>
									<transform>
										<row0>-0.1893497809033807 -0.9800828705669147 0.05986742088876131</row0>
										<row1>-0.9377303007877169 0.16241102504335933 -0.30705788042149845</row1>
										<row2>0.29121905703845713 -0.1142808437915393 -0.949805953634702</row2>
										<row3>0.049042969942092896 0.03781646862626076 0.005278973374515772</row3>
									</transform>
									<node>
										<identifier>biped L UpperArm</identifier>
										<transform>
											<row0>0.7239666551497335 0.6316078875417742 -0.2773873800776171</row0>
											<row1>-0.6894325531270151 0.6762046762754464 -0.2596728527820806</row1>
											<row2>0.023559221550643272 0.3792343763139573 0.9250006761628293</row2>
											<row3>-0.07833158224821091 -2.8421708795129297e-16 7.105427198782324e-17</row3>
										</transform>
										<node>
											<identifier>biped L Forearm</identifier>
											<transform>
												<row0>0.9995832690370587 -2.220445971633386e-16 0.028864667881358323</row0>
												<row1>2.22352668515304e-16 1.0 -7.462760742227346e-18</row1>
												<row2>-0.028864667881358323 1.3877786707985046e-17 0.9995832690370587</row2>
												<row3>-0.17326462268829346 7.629394360719743e-08 9.53674295089968e-09</row3>
											</transform>
											<node>
												<identifier>biped L Hand</identifier>
												<transform>
													<row0>0.9980494778110598 -0.06091037271818865 -0.013680874840527244</row0>
													<row1>0.008443835259056159 -0.08542084995262433 0.996309178939695</row1>
													<row2>-0.06185419538874264 -0.9944813748324814 -0.0847399175365935</row2>
													<row3>-0.2343396693468094 -1.4210854397564648e-16 -8.881783998477905e-18</row3>
												</transform>
												<node>
													<identifier>biped L Finger0</identifier>
													<transform>
														<row0>0.8630367071102364 0.2972398749880596 -0.40843126581764383</row0>
														<row1>-0.38029277270283257 -0.14986391172434418 -0.9126435311734092</row1>
														<row2>-0.3324831364630625 0.9429682702403848 -0.016299879700636045</row2>
														<row3>-0.07226394861936569 -0.03887009248137474 0.02673080377280712</row3>
													</transform>
												</node>
												<node>
													<identifier>biped L Finger1</identifier>
													<transform>
														<row0>0.9335347603069934 0.00028545596283595495 -0.3584867777386741</row0>
														<row1>1.2680967955444686e-08 0.9999996829426882 0.0007963130809319074</row1>
														<row2>0.35848687002265345 -0.0007433904427869068 0.933534408676362</row2>
														<row3>-0.09893341362476349 -4.440891999238953e-18 7.629394360719743e-08</row3>
													</transform>
												</node>
											</node>
										</node>
									</node>
								</node>
								<node>
									<identifier>biped R Clavicle</identifier>
									<transform>
										<row0>-0.18934979527682935 0.9800832605121655 0.05986198704073718</row0>
										<row1>0.9377303251007743 0.16241274126668323 0.3070568984091349</row1>
										<row2>0.291218976742621 0.1142755614209967 -0.9498066138150949</row2>
										<row3>0.04904281720519066 -0.03781643509864807 0.005279183387756348</row3>
									</transform>
									<node>
										<identifier>biped R UpperArm</identifier>
										<transform>
											<row0>0.7239672103943784 -0.6316073827121292 -0.27738686552904707</row0>
											<row1>0.6894319411195899 0.6762050731604115 0.25967344414898674</row1>
											<row2>0.023558742684231138 -0.3792344467209464 0.9250006594934924</row2>
											<row3>-0.0783316045999527 1.5258788721439487e-07 3.814697180359872e-08</row3>
										</transform>
										<node>
											<identifier>biped R Forearm</identifier>
											<transform>
												<row0>0.9995832691445432 -5.551114929680373e-17 0.028864664159172403</row0>
												<row1>5.548802270975228e-17 1.0 1.6023106303210653e-18</row1>
												<row2>-0.028864664159172403 2.4233214707929605e-25 0.9995832691445432</row2>
												<row3>-0.1732645481824875 0.0 0.0</row3>
											</transform>
											<node>
												<identifier>biped R Hand</identifier>
												<transform>
													<row0>0.9980494742377859 0.0609104321047572 -0.013680871115934318</row0>
													<row1>-0.008443825553784971 -0.08542086499595412 -0.9963091777321738</row1>
													<row2>-0.06185425437022332 0.9944813699030036 -0.08473993233505069</row2>
													<row3>-0.23433975875377655 7.629394360719743e-08 8.881783998477905e-18</row3>
												</transform>
												<node>
													<identifier>biped R Finger0</identifier>
													<transform>
														<row0>0.863036732905867 -0.2972398335415208 -0.408431241473245</row0>
														<row1>0.38029275071845403 -0.14986390321108456 0.9126435417321105</row1>
														<row2>-0.33248311446772605 -0.9429683408633335 -0.01629989948721517</row2>
														<row3>-0.07226398587226868 0.03887009248137474 0.02673080377280712</row3>
													</transform>
												</node>
												<node>
													<identifier>biped R Finger1</identifier>
													<transform>
														<row0>0.933534750327665 -0.00028547455713231877 -0.35848680371101754</row0>
														<row1>7.313365252368392e-09 0.9999996829428922 -0.0007963128248650871</row1>
														<row2>0.3584869173772794 0.000743383072398213 0.9335344543459247</row2>
														<row3>-0.09893345087766647 -4.440891999238953e-18 -7.629394360719743e-08</row3>
													</transform>
												</node>
											</node>
										</node>
									</node>
								</node>
							</node>
						</node>
					</node>
					<node>
						<identifier>biped L Thigh</identifier>
						<transform>
							<row0>-0.9983549969471114 0.0315079342629086 0.047900218579159916</row0>
							<row1>-0.0308374846679761 -0.9994167186168649 0.014672153504199053</row1>
							<row2>0.04833457140248515 0.013170896295911241 0.998744360033187</row2>
							<row3>1.5258788721439487e-07 0.08714655786752701 8.106231774718253e-08</row3>
						</transform>
						<node>
							<identifier>biped L Calf</identifier>
							<transform>
								<row0>0.9985296043912694 -3.469446921979432e-18 0.05420912427087453</row0>
								<row1>3.4408360030361873e-18 1.0 6.211188530592379e-19</row1>
								<row2>-0.05420912427087453 -4.3368085614091183e-19 0.9985296043912694</row2>
								<row3>-0.426708459854126 -8.881783998477905e-18 -9.53674295089968e-09</row3>
							</transform>
							<node>
								<identifier>biped L Foot</identifier>
								<transform>
									<row0>0.9942668851418079 0.03083610220647867 -0.10238347865663006</row0>
									<row1>-0.03217435868454758 0.9994167407985932 -0.011445036249638005</row1>
									<row2>0.10197084832101706 0.014673544182544185 0.9946791609327176</row2>
									<row3>-0.42950958013534546 -8.881783998477905e-18 1.19209286886246e-09</row3>
								</transform>
								<node>
									<identifier>biped L Toe0</identifier>
									<transform>
										<row0>6.123233995736766e-17 0.0 -1.0</row0>
										<row1>4.371139539216525e-08 0.999999999999999 2.6765510226639766e-24</row1>
										<row2>0.999999999999999 -4.371139539216525e-08 6.12323399573676e-17</row2>
										<row3>-0.18005739152431488 0.0 0.13537520170211792</row3>
									</transform>
								</node>
							</node>
						</node>
					</node>
					<node>
						<identifier>biped R Thigh</identifier>
						<transform>
							<row0>-0.998355271605611 -0.03150509304706754 0.047897607136289315</row0>
							<row1>0.030834539004693316 -0.9994167688295414 -0.014674923737001373</row1>
							<row2>0.04833200371579782 -0.013173886052545398 0.9987443851826175</row2>
							<row3>-1.5258788721439487e-07 -0.08714655786752701 -1.668930025289228e-07</row3>
						</transform>
						<node>
							<identifier>biped R Calf</identifier>
							<transform>
								<row0>0.9985295521902633 3.469446947703788e-18 0.054210085802479206</row0>
								<row1>-3.393815676454715e-18 1.0 -1.4872084942075243e-18</row1>
								<row2>-0.054210085802479206 1.301042592716186e-18 0.9985295521902633</row2>
								<row3>-0.4267085790634155 4.76837147544984e-09 -2.38418573772492e-09</row3>
							</transform>
							<node>
								<identifier>biped R Foot</identifier>
								<transform>
									<row0>0.9942671117651646 -0.030835917396575405 -0.10238191569056206</row0>
									<row1>0.032174154560516914 0.9994167466151114 0.01144510216564995</row1>
									<row2>0.10196928086670881 -0.014673540253727963 0.9946793216790769</row2>
									<row3>-0.429509699344635 -4.76837147544984e-09 3.5762786065873797e-09</row3>
								</transform>
								<node>
									<identifier>biped R Toe0</identifier>
									<transform>
										<row0>6.123233995736766e-17 0.0 -1.0</row0>
										<row1>-4.371138828673789e-08 0.999999999999999 -2.6765505875820332e-24</row1>
										<row2>0.999999999999999 4.371138828673789e-08 6.12323399573676e-17</row2>
										<row3>-0.18005739152431488 0.0 0.1353752166032791</row3>
									</transform>
								</node>
							</node>
						</node>
					</node>
					<node>
						<identifier>biped_bone33</identifier>
						<transform>
							<row0>-0.885711841110904 -0.18436626931260255 0.42605588043786663</row0>
							<row1>-0.026202004713372 -0.8964419244617765 -0.4423858178185428</row1>
							<row2>0.463495403842466 -0.4029898993888771 0.789158508544039</row2>
							<row3>-0.1917411834001541 0.0783366784453392 -0.07635391503572464</row3>
						</transform>
						<node>
							<identifier>biped_bone66</identifier>
							<transform>
