<?xml version="1.0" encoding="utf-8"?>
<Resource>
	<Version>1</Version>
	<SSkinSkeletonData>
		<Root>
			<Sub/>
			<Entity type="SSkinSkeletonData">
				<Bones count="60" ordered="true">
					<Element index="0">
						<Transform rawdata="65Zkvn7xxL2XUni/NHN5P7ClR73SrWC+1XjWvAiCfr8iMNY9NMrOv6Ppvj1YbhE/">(-0.22323195522852432,-0.09616373204888634,-0.97001023317463053,0.97441413242973607,-0.04874199733496588,-0.21941307659755038,-0.02618066369678483,-0.99417163064108649,0.10458398986441607,-1.61554580160220218,0.0932190622906077,0.56808994174389282)</Transform>
						<Name>biped_bone28</Name>
					</Element>
					<Element index="1">
						<Transform rawdata="cm87v3+K3b2GJyy/iPQqPzuUpD1fcD2/v04JPjuqfb9FjVs850WNv4yB/r23hbI/">(-0.73216928885310129,-0.10817431424962917,-0.67247806843074087,0.66779376224757037,0.0803608547131108,-0.73999588898374635,0.13408945220092344,-0.99087874595483305,0.01340038004821,-1.10369574664435355,-0.12427052755525338,1.39470559781761216)</Transform>
						<Name>biped_bone27</Name>
					</Element>
					<Element index="2">
						<Transform rawdata="j9grPicZUjwZWXy/+NppP9CBwb7KNxo+AsK9vkn9bL/54pm9cbm+v/xsFz/j7Ii8">(0.16781829123605219,0.01282337967875549,-0.9857345444550939,0.91349746000739707,-0.37794350420023576,0.15060344161174524,-0.37062078910202795,-0.92573984929161435,-0.07513994438783142,-1.49003427199101646,0.5915067228929024,-0.01671451823141874)</Transform>
						<Name>biped_bone29</Name>
					</Element>
					<Element index="3">
						<Transform rawdata="17vLNQEAgD9ciLi1AQCAv9e7yzWG2xKsAAAAAFyIuDUBAIA/ZR/KP20PDjvbnvK8">(0.00000151793467378,1.00000011920720655,-0.00000137487546017,-1.00000011920815157,0.00000151793467378,-0.00000000000208697,0,0.00000137487546017,1.00000011920835852,1.57908303817516549,0.00216766759382757,-0.02961676473824207)</Transform>
						<Name>biped Head</Name>
					</Element>
					<Element index="4">
						<Transform rawdata="HpdkPp7xxL2bUng/LnN5P7ulRz0OrmC+m3jWvAqCfj9JMNY9cKrOv1fEv71UghI/">(0.22323271818731993,-0.0961639706420105,0.97001043060867476,0.97441377701559728,0.04874203808273611,-0.21941396498065596,-0.02618055633914866,0.99417172547303145,0.10458428432874223,-1.61457639860471835,-0.09363620940041495,0.57230113305492458)</Transform>
						<Name>biped_bone31</Name>
					</Element>
					<Element index="5">
						<Transform rawdata="cW87P7SK3b2IJyw/ifQqPzOUpL1gcD2/zk4JPj2qfT+cjls8yt2Mv1yL/T1a5bI/">(0.73216920976566724,-0.10817470800117912,0.67247817447670133,0.66779380408244726,-0.08036079104529867,-0.73999594791972212,0.1340896756956966,0.99087888859241913,0.01340069969085852,-1.10051846606700732,0.1238009620451667,1.39762419700927421)</Transform>
						<Name>biped_bone30</Name>
					</Element>
					<Element index="6">
						<Transform rawdata="k9grvrETUjwbWXw/9dppP9WBwT7wNxo+CcK9vk79bD9e4pm9TdG+v2BpF79QyEu8">(-0.1678183537122141,0.01282207739009624,0.98573466661477549,0.91349729682415171,0.37794366122291789,0.15060400771253346,-0.37062100219889299,0.92574012515367021,-0.07513879366480765,-1.49076238626431956,-0.59145162948907537,-0.01243789485430681)</Transform>
						<Name>biped_bone32</Name>
					</Element>
					<Element index="7">
						<Transform rawdata="fLlANQEAgD/v/+211p90vyc9ojX07ZY+9O2WPpQExzXWn3Q/fVidP/oXDjsxUfi+">(0.00000071795490113,1.00000011920747389,-0.00000177323620146,-0.95556391749047465,0.00000120877379561,0.29478419021056129,0.29478419021216534,0.00000148279877717,0.95556391748959391,1.22926297284569763,0.00216817712665133,-0.4849944539769166)</Transform>
						<Name>biped Spine1</Name>
					</Element>
					<Element index="8">
						<Transform rawdata="VZTTNAEAgD9Es9e1zP9/vx/A1TQG9SQ7BvUkOwOR1zXM/38/hDTEP/ssDjsGlwm9">(0.00000039409738067,1.00000011920793463,-0.00000160709214916,-0.99999689183966234,0.00000039814128048,0.002517045918634,0.00251704591927041,0.00000160609519285,0.9999968918384502,1.53285267861982843,0.00216942901947187,-0.03359129410756156)</Transform>
						<Name>biped Neck</Name>
					</Element>
					<Element index="9">
						<Transform rawdata="q4C6NQEAgD/27jo2AQCAv6uAujWTL4gsAAAAAPbuOrYBAIA/VqSEP8AhDjs8kYq9">(0.0000013895527738,1.00000011920445875,0.00000278552544395,-1.00000011920833831,0.00000138955277379,0.00000000000387063,0,-0.00000278552544395,1.0000001192054242,1.0362651421488871,0.00216875971742764,-0.06765982711140212)</Transform>
						<Name>biped Pelvis</Name>
					</Element>
					<Element index="10">
						<Transform rawdata="nm9WvpRTYj+q5tW+m016P803PD5JHM+9hbROvNX7277FJGe/d2uQv+sJU74kip0+">(-0.20941016185696931,0.8840877871840076,-0.41777546593883158,0.97774668047602986,0.18380661659033021,-0.10112816664382707,-0.01261628142946227,-0.42965571270378877,-0.90290481868180072,-1.12827959038532177,-0.20609252151282029,0.30769456302423825)</Transform>
						<Name>biped_bone34</Name>
					</Element>
					<Element index="11">
						<Transform rawdata="vBtePhDdYT+y5tU+GeV5P3O0RL5VHM+9yvoSvOIH3D7AJGe/CxKQv5yRYD6ld54+">(0.21690267543989161,0.88227941983803382,0.41777569711611762,0.97615201269171159,-0.19209460207088644,-0.10112826098443219,-0.00897092553403953,0.42974765480855703,-0.90290450310617365,-1.12555058564715327,0.21930546242206961,0.30950656498733031)</Transform>
						<Name>biped_bone35</Name>
					</Element>
					<Element index="12">
						<Transform rawdata="hco8vlB9Zb9TVM6+Ab5iP+yi1jxXT+2+DyTaPhKA4r5gBko/5/KIv78gBD26Uhs/">(-0.18436630004080337,-0.89644337296146703,-0.40298707783420867,0.88571173833144545,0.02620073367705757,-0.46349592938373824,0.42605636060241581,-0.44238336208188711,0.7891597917798221,-1.06991280430271529,0.032257790140362,0.60673107715457197)</Transform>
						<Name>biped_bone33</Name>
					</Element>
					<Element index="13">
						<Transform rawdata="fMo8PlN9Zb9LVM4+/71iPw6j1rxaT+2+FCTaPguA4j5hBko/3diIv9jzE72PxBs/">(0.18436617268856142,-0.89644354607192156,0.4029868648463259,0.88571162762549727,-0.02620079668725633,-0.46349603657903998,0.42605650595486111,0.44238314229513381,0.78915983758391572,-1.06911808356800586,-0.03612121954450737,0.60846800844217297)</Transform>
						<Name>biped_bone36</Name>
					</Element>
					<Element index="14">
						<Transform rawdata="TRkftQEAgD9g5cC1n955vxc2b7XswF6+7MBevtz4qjWf3nk/2p+TP79GDjvcWUA+">(-0.00000059268931966,1.00000011920809539,-0.000001437187208,-0.97605319130550894,-0.00000089113146771,-0.21753281446600736,-0.21753281446702519,0.00000127384148136,0.97605319130485757,1.15331577705086574,0.00217096495000379,0.1878427893162683)</Transform>
						<Name>biped Spine</Name>
					</Element>
					<Element index="15">
						<Transform rawdata="u+Z6vx1PJj42C+q9KAxCPkLcbz/nU5a+8UFzPeZrnr5D9nK/O09+vnRQsb8KO/I+">(-0.98008315975930871,0.1624111674936492,-0.11427919750894755,0.18949949590673187,0.93695463975676929,-0.29360886899170563,0.05938905805452755,-0.30941695837532029,-0.94907018511563335,-0.24834911392517012,-1.38526773773801803,0.47310667570676856)</Transform>
						<Name>biped L Clavicle</Name>
					</Element>
					<Element index="16">
						<Transform rawdata="wEQTv+ywUD+Go4m93HdPP15EFD/8orQ9jvjiPRsydLvXa36/0YuQv58+cb8Z2bu9">(-0.57526777924104655,0.81519963059025369,-0.06720642566461139,0.8104226656656115,0.57916819443270506,0.08820149638502627,0.11082564487130618,-0.00372613101953661,-0.9938329994538575,-1.12926686644745078,-0.94236178349334565,-0.09172267608327825)</Transform>
						<Name>biped L UpperArm</Name>
					</Element>
					<Element index="17">
						<Transform rawdata="LbQTv+ywUD8kJk+9kwhQP19EFD9Dp4Q9QyCoPc8xdLtYIn+/9091v6I+cb9+QYO9">(-0.57696799555166178,0.81519964015703439,-0.05057348343578251,0.81263080587331094,0.57916828399528675,0.06477214953994673,0.08209278082810517,-0.00372611331260495,-0.99661778562618764,-0.95825140397694575,-0.94236195000100942,-0.06408976112991878)</Transform>
						<Name>biped L Forearm</Name>
					</Element>
					<Element index="18">
						<Transform rawdata="vOZ6P39PJj4tCuo9XQxCPkDcb7/kU5a+jj9zPdprnj5H9nK/cfR5voxnsT8IfPI+">(0.98008320483550426,0.16241263482338467,0.11427721975152623,0.18950029100727664,-0.93695450457291929,-0.29360877700462584,0.059386780735669,0.30941659753294326,-0.94907038891312456,-0.24409653520765276,1.38597246648474126,0.47360253441923728)</Transform>
						<Name>biped R Clavicle</Name>
					</Element>
					<Element index="19">
						<Transform rawdata="xkQTP+ywUD8Qook93HdPP15EFL/8orQ9tffiPb4LdDvaa36/ADqQv4Amcj8yQLu9">(0.57526812140134875,0.81519961882007874,0.06720363958141345,0.81042264387526741,-0.57916822570612447,0.08820149124697324,0.11082402813562893,0.00372384442729046,-0.99383318831051493,-1.12677004392963709,0.94589996070920301,-0.09143103757946978)</Transform>
						<Name>biped R UpperArm</Name>
					</Element>
					<Element index="20">
						<Transform rawdata="MbQTP+2wUD86I089kghQP2BEFL9Ep4Q9ax+oPZMLdDtbIn+/2qt0v4Imcj9yzoK9">(0.57696823075552817,0.81519964632765352,0.05057070358281604,0.81263080134556087,-0.57916828996671899,0.06477215681147812,0.08209117256202177,0.00372383443741663,-0.99661798602059681,-0.95574723378814619,0.94590008943360793,-0.06387032494905065)</Transform>
						<Name>biped R Forearm</Name>
					</Element>
					<Element index="21">
						<Transform rawdata="OvMfP9DG/71oTkU/r15GP0+Vs7zDuCG/2S7EPQbvfT9HJao90lgpv8NtNbx3n30/">(0.624805094031473,-0.12489092423089536,0.77072760769158621,0.77488225849761483,-0.02192178227623622,-0.63172548454612953,0.09579247959656406,0.99192845010844943,0.08307891029367008,-0.66151151504434424,-0.01107353242679787,0.99071450770110603)</Transform>
						<Name>biped R Hand</Name>
					</Element>
					<Element index="22">
						<Transform rawdata="NvMfv0XI/71kTkW/sF5GP1CVszzDuCG/xi/EPf7ufb9qJqo9iwoqv2+MLDw+xHw/">(-0.6248048443946892,-0.12489370070048772,-0.77072738793000473,0.77488231850642808,0.02192178343976943,-0.6317254674605548,0.09579424463741269,-0.99192798032188645,0.08308107892268411,-0.66422334740247735,0.01053152904861687,0.98736939288632009)</Transform>
						<Name>biped L Hand</Name>
					</Element>
					<Element index="23">
						<Transform rawdata="5c0MNAEAgL/Uu7s1AQCAP+XNDDRqg06qAwAAkNS7uzUBAIA/ups7vs8rfr2YVGC7">(0.00000013113420187,-1.000000119208317,0.00000139872514258,1.0000001192092951,0.00000013113420187,-0.00000000000018342,-0,0.00000139872514258,1.00000011920832566,-0.18321123599414238,-0.06205349683831256,-0.00342301092288029)</Transform>
						<Name>biped R Foot</Name>
					</Element>
					<Element index="24">
						<Transform rawdata="5c0MNAEAgL/Uu7s1AQCAP+XNDDRqg06qAwAAkNS7uzUBAIA/u5s7vpJkbD27VGC7">(0.00000013113420187,-1.000000119208317,0.00000139872514258,1.0000001192092951,0.00000013113420187,-0.00000000000018342,-0,0.00000139872514258,1.00000011920832566,-0.18321125169963751,0.05771309924264311,-0.00342301918723026)</Transform>
						<Name>biped L Foot</Name>
					</Element>
					<Element index="25">
						<Transform rawdata="mOuFPoqwdT/y+9G9uOtuPxKhjr5aG2i+sgF8vocbFb2Y83e/1i1jv5vFKT+2wGg+">(0.26156304891521176,0.95972501759275253,-0.10253133162172633,0.93328429321813267,-0.27857260683802926,-0.22666683250878789,-0.24610022081219099,-0.03640320488714258,-0.96856070057806565,-0.8874181378502618,0.66317148452375896,0.22729763386749341)</Transform>
						<Name>biped R Finger0</Name>
					</Element>
					<Element index="26">
						<Transform rawdata="XzGdPkeEAL4pgnE/cClzP052r7xaup++NCNzPavqfT8LreY9Cl5hv7ZaQrxkIjk/">(0.30701729438544823,-0.12550460494380838,0.94339234112191528,0.94985106196472946,-0.02141871700908952,-0.31196862905986744,0.05935974605181871,0.99186198149114857,0.11263473888778198,-0.8803411718189752,-0.01186244770310637,0.72318098061782998)</Transform>
						<Name>biped R Finger1</Name>
					</Element>
					<Element index="27">
						<Transform rawdata="sOuFvoywdT+M+tE9t+tuPxShjj5ZG2i+ggF8vr8YFT2b83e/Onhjv6G0KL9fNWk+">(-0.26156377547369114,0.95972515642902168,0.10252866199634988,0.93328421433823261,0.27857268909788852,-0.2266668205351714,-0.24609950553996818,0.03640055240461657,-0.96856086290279941,-0.88855325923003914,-0.65900620481064975,0.22774265425542678)</Transform>
						<Name>biped L Finger0</Name>
					</Element>
					<Element index="28">
						<Transform rawdata="WDGdvgOFAL4lgnG/cSlzP012rzxaup++HSRzPaPqfb9zruY9XrVhvz9uOTwNFjg/">(-0.30701708965479357,-0.12550740032673019,-0.94339209010037295,0.94985107398608337,0.02141871548785327,-0.31196861098236656,0.05936061258112053,-0.99186150762058323,0.1126374205866074,-0.88167372325415039,0.0113177884166615,0.71908646007046917)</Transform>
						<Name>biped L Finger1</Name>
					</Element>
					<Element index="29">
						<Transform rawdata="aMkDPcfZf7+riTs8TIh+P/2b/DxbrtG9ANbQPQRvcDxMo34/BCcdv67oVD2VuHA8">(0.03217449721733009,-0.99941678058040506,0.01144639692769172,0.99426719775915118,0.03083609967473637,-0.10238333441291549,0.10197067238331729,0.0146749058071333,0.99467922067426706,-0.61387657418453545,0.05197971270673368,0.01469244482417364)</Transform>
						<Name>biped L Calf</Name>
					</Element>
					<Element index="30">
						<Transform rawdata="Kg0BPcfZf7/M1lc8N5R/P/6b/Dxf+kW92jJEPTxvcDy4rX8/ai6Fv6voVD1pbZi8">(0.03150669346623489,-0.99941677975165666,0.01317377027799644,0.99835534235774126,0.03083610161775938,-0.04833447466922147,0.04790005730592053,0.01467495816511046,0.99874450584875685,-1.04047894619579617,0.05197970284701778,-0.0186068585629604)</Transform>
						<Name>biped L Thigh</Name>
					</Element>
					<Element index="31">
						<Transform rawdata="7sgDvcnZf78rfju8TIh+P6Gb/LxcrtG9DdbQPWVjcLxNo34/KzAdv0GtZr1C6G88">(-0.03217404287938716,-0.99941688617213453,-0.01144365538645796,0.99426720231946208,-0.03083592900690437,-0.1023833420823782,0.101970771272724,-0.0146721346401123,0.99467925142969527,-0.61401620980513938,-0.05631757097634757,0.01464277689111036)</Transform>
						<Name>biped R Calf</Name>
					</Element>
					<Element index="32">
						<Transform rawdata="2AwBvcnZf79my1e8N5R/P6Gb/Lxf+kW98jJEPcxjcLy5rX8/5TKFvz+tZr1P5Zi8">(-0.03150638816137057,-0.99941688477057422,-0.01317105221591517,0.99835534771287138,-0.03083592868277691,-0.048334475558452,0.04790014650776942,-0.01467223079061852,0.9987445416541606,-1.04061568170007224,-0.05631756408171694,-0.01866402987875772)</Transform>
						<Name>biped R Thigh</Name>
					</Element>
					<Element index="33">
						<Transform rawdata="wLxGvy0cSLQaXiE/GV4hvwEAIDPBvEa/oCICNAIAgL/DMB204UsXv/ILF7XeesI/">(-0.7763175918326064,-0.00000018636701965,0.63034210012187497,-0.63034206255057179,0.00000003725290743,-0.77631763810475474,0.00000012119789972,-1.00000017881394854,-0.00000014639504149,-0.59100155764798867,-0.00000056269269021,1.51937455479778372)</Transform>
						<Name>biped_bone01</Name>
					</Element>
					<Element index="34">
						<Transform rawdata="wLxGvy0cSLQaXiE/GV4hvwEAIDPBvEa/oCICNAIAgL/DMB20+GwBv8VnFLWly7Y/">(-0.7763175918326064,-0.00000018636701965,0.63034210012187497,-0.63034206255057179,0.00000003725290743,-0.77631763810475474,0.00000012119789972,-1.00000017881394854,-0.00000014639504149,-0.50556898265660077,-0.00000055285303367,1.42808972808863377)</Transform>
						<Name>biped_bone02</Name>
					</Element>
					<Element index="35">
						<Transform rawdata="P9Z/P+jWurRQMRK9UjESvQGAADQ81n+/ewO9NAEAgD9wKeYzpV6YP6FCWrSQGy8/">(0.99936291273725164,-0.00000034801563563,-0.03569155921107746,-0.03569156559318625,0.00000011967497018,-0.99936273403731357,0.00000035206526438,1.00000011920923604,0.00000010717747195,1.1903882738515652,-0.00000020327071778,0.68401431723439854)</Transform>
						<Name>biped_bone00</Name>
					</Element>
					<Element index="36">
						<Transform rawdata="5lWGNQQAgD+H4na5JvZ/v+DXqjYbVY48G1WOPE/Udjkm9n8/bf3LOnWvn78OqeK9">(0.00000100087777153,1.00000044911908326,-0.00023544776226785,-0.9998497065758889,0.00000509152588284,0.0173745658265222,0.01737456654371676,0.00023539478977186,0.9998496788668616,0.00155631974867779,-1.24754200970268658,-0.11067400653003796)</Transform>
						<Name>biped_bone03</Name>
					</Element>
					<Element index="37">
						<Transform rawdata="Y+ABv8tjTb8fCaG+X8zevYTn1z7ucma/8tdaP/9O2L4HOZq+g/FWP/L9bz+CHko/">(-0.50733012508014896,-0.80230397491444294,-0.31452271362770406,-0.10878824347929819,0.42168819746988156,-0.90019119358997657,0.85485759088018332,-0.42247768692688015,-0.30121633022682975,0.83962269870349293,0.93746864363319404,0.78952801267967998)</Transform>
						<Name>biped_bone05</Name>
					</Element>
					<Element index="38">
						<Transform rawdata="99gBP3dnTb9XDqE+bczevX/n1770cma/WtxaPxFB2D6UM5q+EYXavp9kiD/Bwos7">(0.507216871368388,-0.80236000649556649,0.31456253065477152,-0.10878834674245444,-0.42168804844861107,-0.90019151919652995,0.85492477998413963,0.42237141211502033,-0.3011747650807145,-0.42679645868125643,1.06557066114443444,0.004265159636319)</Transform>
						<Name>biped_bone04</Name>
					</Element>
					<Element index="39">
						<Transform rawdata="5noJNQEAgD/cqly0kYauviIAoLIRq3C/Datwvx4NFDWUhq4+PusPvhfzn79MLvc9">(0.00000051215316945,1.0000001788138142,-0.00000020551254954,-0.34087041787548389,-0.00000001862651178,-0.94011026098666617,-0.94011003684682759,0.00000055153382855,0.34087049914526313,-0.14054581865546206,-1.24960602075079907,0.12069377127772522)</Transform>
						<Name>biped_bone06</Name>
					</Element>
					<Element index="40">
						<Transform rawdata="4SGqNQAAgL8GEYU2AQCAP+AhqjXT3bCsAwCAkgQRhTYBAIA/sd42vSzZnz/HAiZA">(0.00000126758474468,-0.99999999999133349,0.00000396569046611,1.0000001192085004,0.00000126758459356,-0.00000000000502685,-0,0.00000396568975699,1.00000017880610326,-0.04464597013887096,1.24881503775962832,2.59391955699909982)</Transform>
						<Name>biped_bone15</Name>
					</Element>
					<Element index="41">
						<Transform rawdata="aiGiMwEAgL/r3R22AQCAP2ohojMS9kcqAwCAkOvdHbYBAIA/tEhEvbzYnz+e86s/">(0.00000007549791033,-1.0000001192065342,-0.00000235239968636,1.0000001192093011,0.00000007549791033,0.0000000000001776,-0,-0.00000235239968636,1.00000011920653686,-0.04792089701494602,1.24880167356060223,1.34337210493671155)</Transform>
						<Name>biped_bone19</Name>
					</Element>
					<Element index="42">
						<Transform rawdata="MCimuAEAgL8B0Ys5AQCAPyIoprhhp8E0cU+2tAHRizkCAIA/IOFDvVjfnz8yOj4/">(-0.00007922982268075,-1.00000008051188094,0.00026667865766226,1.00000017567522681,-0.00007922972458241,0.00000036070834162,-0.00000033957943334,0.00026667865361349,1.0000002028598256,-0.04782211931005575,1.24900337982583887,0.74307548682512392)</Transform>
						<Name>biped_bone26</Name>
					</Element>
					<Element index="43">
						<Transform rawdata="aiGiMwEAgL/r3R22AQCAP2ohojMS9kcqAwCAkOvdHbYBAIA/tUhEvbDYnz/Z2/g/">(0.00000007549791033,-1.0000001192065342,-0.00000235239968636,1.0000001192093011,0.00000007549791033,0.0000000000001776,-0,-0.00000235239968636,1.00000011920653686,-0.04792090074023676,1.24880026015184975,1.94420916882420269)</Transform>
						<Name>biped_bone20</Name>
					</Element>
					<Element index="44">
						<Transform rawdata="9owQNgEAgD/+OzG5I/Z/v9jNqjYXVY48FlWOPBQrMTkk9n8/+1nLOqPAC8CsgeK9">(0.00000215397227157,1.0000001049224676,-0.00016902384387939,-0.99984952789835957,0.00000509035811925,0.0173745574476109,0.01737455702417041,0.00016896083512853,0.9998495732203464,0.00155144875751519,-2.18363252742066516,-0.11059889526751931)</Transform>
						<Name>biped_bone11</Name>
					</Element>
					<Element index="45">
						<Transform rawdata="qdwBv6NlTb/RC6G+TMzevY7n1z7ycma/MNpaP/lH2L5JNpq+xT6oP0oj2D+FwIo/">(-0.50727322961017374,-0.80233209923714455,-0.31454326564850199,-0.10878810346570478,0.42168850344204778,-0.90019140558948163,0.85489179007649696,-0.42242410893298077,-0.30119542259823628,1.31441553197647298,1.68857688552180485,1.08400024546267715)</Transform>
						<Name>biped_bone13</Name>
					</Element>
					<Element index="46">
						<Transform rawdata="sNwBP5llTb/OC6E+dczevZzn177ocma/ItpaPwNI2D5fNpq+89dmv5KG6D/Jj5S+">(0.50727366465423795,-0.80233151419136095,0.31454318782173635,-0.10878840633235067,-0.42168890980110613,-0.90019081510669818,0.85489093561455387,0.42242439118452474,-0.30119608130332404,-0.90173261797577187,1.81660680513657535,-0.29015950611831259)</Transform>
						<Name>biped_bone12</Name>
					</Element>
					<Element index="47">
						<Transform rawdata="6aIlNQEAgD9F28axkYauvgYAXDQVq3C/Eatwv/0+HDWUhq4+WusPvo6EC8AuLvc9">(0.00000061704357841,1.00000011920911369,-0.00000000578748643,-0.34087042209100721,0.0000002048910552,-0.94011051306524362,-0.94011028892525061,0.00000058206186864,0.34087050336092983,-0.14054623238203179,-2.17996543009553712,0.12069354974384883)</Transform>
						<Name>biped_bone14</Name>
					</Element>
					<Element index="48">
						<Transform rawdata="MCimuAEAgL8B0Ys5AQCAPyIoprhhp8E0cU+2tAHRizkCAIA/s5NDvYKZC0DiKT4/">(-0.00007922982268075,-1.00000008051188094,0.00026667865766226,1.00000017567522681,-0.00007922972458241,0.00000036070834162,-0.00000033957943334,0.00026667865361349,1.0000002028598256,-0.04774828037550746,2.18124441778678424,0.74282658003320567)</Transform>
						<Name>biped_bone25</Name>
					</Element>
					<Element index="49">
						<Transform rawdata="aiGiMwEAgL/r3R22AQCAP2ohojMS9kcqAwCAkOvdHbYBAIA/ykhEvTSWC0Cv86s/">(0.00000007549791033,-1.0000001192065342,-0.00000235239968636,1.0000001192093011,0.00000007549791033,0.0000000000001776,-0,-0.00000235239968636,1.00000011920653686,-0.04792097857305387,2.18104262846296981,1.34337417873047649)</Transform>
						<Name>biped_bone22</Name>
					</Element>
					<Element index="50">
						<Transform rawdata="aiGiMwEAgL/r3R22AQCAP2ohojMS9kcqAwCAkOvdHbYBAIA/ykhEvS6WC0Dr2/g/">(0.00000007549791033,-1.0000001192065342,-0.00000235239968636,1.0000001192093011,0.00000007549791033,0.0000000000001776,-0,-0.00000235239968636,1.00000011920653686,-0.04792097857305387,2.18104121505393733,1.94421136182727139)</Transform>
						<Name>biped_bone21</Name>
					</Element>
					<Element index="51">
						<Transform rawdata="4SGqNQAAgL8GEYU2AQCAP+AhqjXT3bCsAwCAkgQRhTYBAIA/8d82vWuWC0C5AiZA">(0.00000126758474468,-0.99999999999133349,0.00000396569046611,1.0000001192085004,0.00000126758459356,-0.00000000000502685,-0,0.00000396568975699,1.00000017880610326,-0.04464715928357327,2.18105576231608334,2.59391609843956772)</Transform>
						<Name>biped_bone23</Name>
					</Element>
					<Element index="52">
						<Transform rawdata="5lWGNQQAgD+H4na5JvZ/v+DXqjYbVY48G1WOPE/Udjkm9n8/9b7LOs87RsDJxOG9">(0.00000100087777153,1.00000044911908326,-0.00023544776226785,-0.9998497065758889,0.00000509152588284,0.0173745658265222,0.01737456654371676,0.00023539478977186,0.9998496788668616,0.00155445809931383,-3.097400528496002,-0.11023861798611849)</Transform>
						<Name>biped_bone07</Name>
					</Element>
					<Element index="53">
						<Transform rawdata="Y+ABv8tjTb8fCaG+X8zevYTn1z7ucma/8tdaP/9O2L4HOZq+JpnjP8f7GkBniK8/">(-0.50733012508014896,-0.80230397491444294,-0.31452271362770406,-0.10878824347929819,0.42168819746988156,-0.90019119358997657,0.85485759088018332,-0.42247768692688015,-0.30121633022682975,1.77811118256727796,2.42161719334087921,1.37135015542999583)</Transform>
						<Name>biped_bone09</Name>
					</Element>
					<Element index="54">
						<Transform rawdata="99gBP3dnTb9XDqE+bczevX/n1770cma/WtxaPxFB2D6UM5q+zrquv0wwI0CZ3xO/">(0.507216871368388,-0.80236000649556649,0.31456253065477152,-0.10878834674245444,-0.42168804844861107,-0.90019151919652995,0.85492477998413963,0.42237141211502033,-0.3011747650807145,-1.3650757959702724,2.54982279962264835,-0.57763060005615963)</Transform>
						<Name>biped_bone08</Name>
					</Element>
					<Element index="55">
						<Transform rawdata="5noJNQEAgD/cqly0kYauviIAoLIRq3C/Datwvx4NFDWUhq4+UesPvl0yRsB/Lvc9">(0.00000051215316945,1.0000001788138142,-0.00000020551254954,-0.34087041787548389,-0.00000001862651178,-0.94011026098666617,-0.94011003684682759,0.00000055153382855,0.34087049914526313,-0.14054609761692144,-3.09682391087361042,0.12069415470611819)</Transform>
						<Name>biped_bone10</Name>
					</Element>
					<Element index="56">
						<Transform rawdata="MCimuAEAgL8B0Ys5AQCAPyIoprhhp8E0cU+2tAHRizkCAIA/skdDvdwjRkDpGT4/">(-0.00007922982268075,-1.00000008051188094,0.00026667865766226,1.00000017567522681,-0.00007922972458241,0.00000036070834162,-0.00000033957943334,0.00026667865361349,1.0000002028598256,-0.04767579440647661,3.09593880071166794,0.74258282939662368)</Transform>
						<Name>biped_bone24</Name>
					</Element>
					<Element index="57">
						<Transform rawdata="aiGiMwEAgL/r3R22AQCAP2ohojMS9kcqAwCAkOvdHbYBAIA/2UhEvY0gRkC/86s/">(0.00000007549791033,-1.0000001192065342,-0.00000235239968636,1.0000001192093011,0.00000007549791033,0.0000000000001776,-0,-0.00000235239968636,1.00000011920653686,-0.04792103645467258,3.09573680831708131,1.34337609203791408)</Transform>
						<Name>biped_bone16</Name>
					</Element>
					<Element index="58">
						<Transform rawdata="aiGiMwEAgL/r3R22AQCAP2ohojMS9kcqAwCAkOvdHbYBAIA/3khEvYYgRkD72/g/">(0.00000007549791033,-1.0000001192065342,-0.00000235239968636,1.0000001192093011,0.00000007549791033,0.0000000000001776,-0,-0.00000235239968636,1.00000011920653686,-0.04792105508110829,3.09573515648943998,1.9442132751341481)</Transform>
						<Name>biped_bone17</Name>
					</Element>
					<Element index="59">
						<Transform rawdata="4SGqNQAAgL8GEYU2AQCAP+AhqjXT3bCsAwCAkgQRhTYBAIA/KOE2vcUgRkCnAiZA">(0.00000126758474468,-0.99999999999133349,0.00000396569046611,1.0000001192085004,0.00000126758459356,-0.00000000000502685,-0,0.00000396568975699,1.00000017880610326,-0.04464831873612571,3.09575007154088455,2.59391199420782304)</Transform>
						<Name>biped_bone18</Name>
					</Element>
				</Bones>
			</Entity>
		</Root>
	</SSkinSkeletonData>
</Resource>
