# -*- encoding:utf-8 -*-
_reload_all = True


data = {'a96be01c-22ed-4543-91bc-802a9bf15144': {'data': [[-0.461780482439538, -0.663715623242834, -0.5883408225478918, 7.6391603915684e-05, 0.00030464182907596535, -0.00976398395296122], [-0.8639979634340234, 0.46764894301475535, 0.1523664255877339, 0.00018202965512539705, 0.002070325923821414, -0.10766679269131106], [-0.16856068931280652, -0.5837179629846269, 0.791832686264432, 0.00034626300463037066, -0.00014185017097560217, -0.062140893549924844]], 'mean': [93.47149658203125, 76.5830078125, 48.5614013671875, 63.500083923339844, 63.500640869140625, 254.0824432373047]}, '8c4237fc-cfee-496b-a59c-b7aa0d64fc81': {'data': [[-0.5542100585312331, -0.631532979154125, -0.5422304698737928, -0.00042027133209255956, -0.0013457289352622314, -0.0011988284318221758], [-0.7934853084066223, 0.20446593240518784, 0.5729071289305784, 0.009507432672247119, -0.016171175112419566, 0.00052083443770666], [0.2512697358228361, -0.7476765861718522, 0.6140325829438851, 0.004406014668689696, -0.02611715614950784, 0.01028156712709853]], 'mean': [92.81330871582031, 76.12059020996094, 48.01055908203125, 63.499168395996094, 63.501380920410156, 254.046630859375]}, 'effc990e-4a0c-4659-9ef4-aba40b680b81': {'data': [[-0.3889810229330049, -0.5782784730370474, -0.7171381459296838, -0.00027462582120437503, -0.0007074228825962115, -0.00027423711082116245], [-0.7820619760995625, -0.20403521625573579, 0.5887320660632561, 0.006123669853353608, -0.010255438889732578, -0.000759668558191745], [0.48679979829879827, -0.789906790783579, 0.37291302300816287, -0.0014507690013298188, -0.0003732008179369074, 0.0026175392266256977]], 'mean': [184.31719970703125, 167.15704345703125, 128.63131713867188, 63.5001220703125, 63.5025634765625, 253.99996948242188]}, '08dab8c3-8662-467a-8c93-8e3af45ce1b3': {'data': [[-0.38154187681195273, -0.5386736494624049, -0.7511699410426411, -3.166248932022145e-05, 0.00046180470025469625, -3.1961979600493063e-05], [-0.28247427155274757, -0.7058164422303175, 0.6496245897352053, -0.00026593689644519193, -0.004388317194576861, -1.2215337830195876e-05], [-0.8800768331068524, 0.4600545452236678, 0.11710065732170116, -0.002086195339947756, -0.009790142901995872, -0.0013491454500742916]], 'mean': [184.71812438964844, 167.87596130371094, 129.670166015625, 63.50022888183594, 63.50138854980469, 254.00323486328125]}}